12,512,0,1099776900,1099927800,2515,transient
12,512,0,1107744300,1107784860,676,transient
12,512,0,1112118000,1112118180,3,transient
12,512,0,1124131680,1124131800,1,transient
12,512,0,1124132460,1124132580,2,transient
12,512,0,1125406800,1125435600,480,transient
12,512,1,1103497200,1103524260,450,transient
12,512,1,1110470700,1110470820,1,transient
12,512,1,1111616460,1111616580,2,transient
12,512,1,1118697720,1118699040,22,transient
12,512,2,1068709020,1068737280,471,transient
12,512,2,1070905920,1070913960,134,transient
12,512,2,1098149280,1098149580,5,transient
12,512,2,1112741220,1112741280,1,transient
12,512,2,1118697540,1118697600,0,transient
12,512,3,1118699160,1118700000,14,transient
12,512,4,1118700120,1118706000,97,transient
12,512,5,1100029560,1100029860,5,transient
12,512,5,1116897300,1116920880,392,transient
12,512,5,1118317800,1118321280,58,transient
12,512,5,1118402640,1118403720,17,transient
12,512,5,1118566800,1118612580,763,transient
12,512,5,1118631120,1118664960,563,transient
12,512,5,1118933580,1118933580,0,transient
12,512,9,1114885380,1114885440,0,transient
12,512,10,1106058480,1106074500,267,transient
12,512,10,1119325080,1119326340,20,transient
12,512,10,1123167720,1123167720,0,transient
12,512,10,1124391360,1124392500,18,transient
12,512,11,1069548900,1069556820,132,transient
12,512,11,1118866800,1118868420,26,transient
12,512,12,1105722960,1106058540,5593,transient
12,512,13,1108532280,1108532340,1,transient
12,512,13,1108560660,1108560660,0,transient
12,512,14,1116613320,1116613380,1,transient
12,512,15,1103875920,1103875980,0,transient
12,512,15,1115393040,1115393340,4,transient
12,512,15,1119614400,1119614400,0,transient
12,512,15,1120262340,1120281360,316,transient
12,512,15,1120317600,1120317600,0,transient
12,512,16,1103460720,1103462580,30,transient
12,512,16,1108582200,1108583040,13,transient
12,512,16,1109451900,1109451900,0,transient
12,512,16,1109706540,1109706660,1,transient
12,512,16,1109970300,1110203520,3887,transient
12,512,16,1113832560,1113832800,3,transient
12,512,16,1123433340,1123433340,0,transient
12,512,18,1098973140,1098974280,19,transient
12,512,19,1105140840,1105140960,1,transient
12,512,19,1120595100,1120595160,1,transient
12,512,23,1075320000,1075491120,2852,transient
12,512,23,1120487940,1120513560,427,transient
12,512,24,1087401900,1095944400,142375,transient
12,512,25,1099409520,1099412940,57,transient
12,512,31,1109707860,1110203520,8261,transient
12,512,32,1101331440,1101332400,16,transient
12,512,32,1104053040,1104053040,0,transient
12,512,32,1112892720,1112892840,2,transient
12,512,33,1125208680,1125209460,12,transient
12,512,35,1077035760,1077035880,2,transient
12,512,40,1095350400,1095699600,5820,transient
12,512,40,1124458980,1124466900,132,transient
12,512,41,1082387400,1082400300,215,transient
12,512,41,1122501240,1122531180,499,transient
12,512,43,1098052860,1098112980,1002,transient
12,512,43,1106058420,1106076480,300,transient
12,512,43,1115645760,1115647140,22,transient
12,512,43,1115647260,1115647380,2,transient
12,512,48,1120165980,1120165980,0,transient
12,512,48,1122912060,1122912120,0,transient
12,512,49,1121572140,1121666220,1568,transient
12,512,49,1123525920,1123526160,4,transient
12,512,49,1123573200,1123576560,55,transient
12,512,49,1123605600,1123614300,144,transient
12,512,49,1123668600,1123670280,27,transient
12,512,49,1123772880,1123776120,53,transient
12,512,49,1123787160,1123788780,26,transient
12,512,49,1124721240,1124724840,59,transient
12,512,49,1124724840,1124731860,116,transient
12,512,50,1119910560,1119948720,635,transient
12,512,50,1122562620,1122565200,42,transient
12,512,50,1122646980,1122654840,130,transient
12,512,51,1121376060,1121376120,0,transient
12,512,51,1122654420,1122654480,1,transient
12,512,52,1117932600,1117934940,38,transient
12,512,53,1122592440,1122592440,0,transient
12,512,56,1120047300,1120047960,11,permanent
12,512,56,1125457440,1125459900,41,transient
12,512,58,1067380500,1067380800,5,transient
12,512,59,1097717520,1097803920,1440,transient
12,512,59,1118070060,1118070060,0,transient
12,512,60,1071601740,1071601860,2,transient
12,512,60,1071761400,1071762300,15,transient
12,512,60,1071780300,1071780900,10,transient
12,512,60,1099539480,1099581000,692,transient
12,512,60,1112171160,1112171880,12,transient
12,512,61,1068751380,1068751500,2,transient
12,512,62,1118811720,1118812800,18,transient
12,512,65,1110614160,1110614280,2,transient
12,512,66,1102405080,1102435320,504,transient
12,512,66,1105155780,1105155900,1,transient
12,512,67,1077828720,1077891900,1053,transient
12,512,67,1103534640,1103562060,456,transient
12,512,67,1104829620,1104829980,6,transient
12,512,67,1104837720,1104837720,0,transient
12,512,67,1104839100,1104839100,0,transient
12,512,67,1104951960,1104952320,5,transient
12,512,67,1108137840,1108139040,20,transient
12,512,67,1115646720,1115647140,6,transient
12,512,67,1115995800,1115995920,1,transient
12,512,67,1117260660,1117279500,314,transient
12,512,67,1117825680,1117830360,77,transient
12,512,67,1117869720,1117870980,20,transient
12,512,67,1119423540,1119425820,37,permanent
12,512,67,1122414420,1122446760,539,transient
12,512,68,1104606000,1104606840,14,transient
12,512,68,1104837600,1104839520,31,transient
12,512,68,1108629960,1108629960,0,transient
12,512,68,1108843860,1108843860,0,transient
12,512,69,1122989460,1122991920,40,transient
12,512,76,1113402960,1113403020,0,transient
12,512,78,1096397400,1096551060,2561,transient
12,512,79,1119479820,1119494580,246,transient
12,512,79,1120186140,1120200060,232,transient
12,512,80,1102608720,1102612140,57,transient
12,512,80,1105332840,1105332840,0,transient
12,512,82,1106706060,1106724540,307,transient
12,512,82,1112222280,1112229720,124,transient
12,512,85,1067450400,1067954400,8400,transient
12,512,85,1088192700,1088194320,27,transient
12,512,85,1095183900,1095184800,15,transient
12,512,86,1103185560,1103207400,363,transient
12,512,86,1104217080,1104217440,5,transient
12,512,87,1097402220,1097690400,4803,transient
12,512,87,1099154220,1099316880,2711,transient
12,512,88,1106924100,1106924100,0,transient
12,512,90,1101727860,1101727920,1,transient
12,512,90,1102579800,1102612020,537,transient
12,512,90,1102894560,1102896780,37,transient
12,512,90,1103185680,1103207940,370,transient
12,512,90,1120655940,1120663200,121,transient
12,512,92,1118548980,1118549460,7,transient
12,512,94,1117402740,1117404120,23,transient
12,512,94,1117406460,1117422180,261,transient
12,512,94,1118549280,1118551140,30,transient
12,512,103,1115230920,1115240640,162,transient
12,512,108,1077140820,1077140940,2,transient
12,512,108,1103530500,1103561820,521,transient
12,512,109,1071502200,1071589500,1455,transient
12,512,115,1095969900,1095971700,30,transient
12,512,117,1075710720,1075710840,2,transient
12,512,117,1118252040,1118252520,7,permanent
12,512,119,1125472620,1125472740,2,transient
12,512,125,1115321400,1115321760,5,transient
12,512,126,1075324500,1075491360,2781,permanent
12,512,126,1075996860,1075997340,8,permanent
12,512,126,1077224400,1077231600,120,transient
12,512,126,1120586700,1120589340,43,transient
12,512,128,1123885380,1123885500,1,transient
12,512,129,1100028420,1100028600,3,transient
12,512,129,1115927160,1116009900,1378,transient
12,512,132,1123517700,1123517700,0,transient
12,512,133,1112573280,1112575320,34,transient
12,512,135,1114402560,1114404420,31,transient
12,512,135,1121914500,1121921340,114,transient
12,512,138,1121850300,1121851620,22,transient
12,512,140,1068329160,1068504300,2919,transient
12,512,142,1077229260,1077315900,1444,transient
12,512,142,1103526120,1103526960,13,transient
12,512,143,1103615880,1103615880,0,transient
12,512,145,1123059900,1123060320,6,transient
12,512,152,1106989680,1106989680,0,transient
12,512,152,1115029440,1115042220,212,transient
12,512,153,1068669720,1068669780,1,transient
12,512,154,1109104440,1109108280,64,transient
12,512,161,1122577560,1122584460,115,transient
12,512,161,1122781740,1122814380,543,transient
12,512,162,1116430740,1116430800,0,transient
12,512,162,1118052240,1118054280,33,transient
12,512,163,1103531160,1103561580,506,transient
12,512,166,1071605460,1071605580,2,transient
12,512,166,1109828940,1110203160,6236,transient
12,512,166,1115133000,1115133900,15,permanent
12,512,170,1079652780,1079652900,2,transient
12,512,171,1117188540,1117209600,350,transient
12,512,174,1120405620,1120405620,0,transient
12,512,176,1121072820,1121077440,77,transient
12,512,179,1103509320,1103509320,0,transient
12,512,179,1105491840,1105492860,16,transient
12,512,179,1118248140,1118248200,1,transient
12,512,179,1118300880,1118301660,12,transient
12,512,182,1119412860,1119426840,232,transient
12,512,182,1125886680,1125898260,193,transient
12,512,183,1067882400,1067954400,1200,transient
12,512,187,1125895680,1125900420,78,transient
12,512,191,1096483800,1096551600,1130,transient
12,512,191,1105634100,1105651860,295,transient
12,512,192,1107302700,1107304260,26,transient
12,512,192,1124132160,1124132280,1,transient
12,512,196,1080574560,1080594000,324,transient
12,512,198,1119463500,1119463560,1,transient
12,512,201,1069898760,1069898880,2,permanent
12,512,201,1070489520,1070491080,26,transient
12,512,201,1076342400,1076522520,3002,transient
12,512,203,1115445360,1115445600,3,transient
12,512,206,1113852120,1113919020,1114,transient
12,512,209,1111072380,1111072740,5,permanent
12,512,212,1113712200,1113834300,2034,transient
12,512,213,1117723620,1117723680,0,transient
12,512,214,1115751120,1115756520,89,transient
12,512,216,1111968180,1111968240,1,transient
12,512,222,1101160080,1101160140,1,transient
12,512,222,1103880600,1103880600,0,transient
12,512,223,1088194380,1088195040,11,transient
12,512,223,1095183840,1095185100,21,transient
12,512,223,1105219200,1105221000,29,transient
12,512,223,1119422340,1119422340,0,transient
12,512,223,1119505440,1119505440,0,transient
12,512,223,1120243860,1120244700,14,transient
12,512,224,1109970300,1110203220,3882,transient
12,512,224,1121668620,1121670060,24,transient
12,512,228,1099055820,1099059840,67,transient
12,512,231,1092427200,1095318000,48180,transient
12,512,235,1110291480,1110291840,5,transient
12,512,238,1118369760,1118369820,1,transient
12,512,243,1108253160,1108253160,0,transient
12,512,243,1108410000,1108410060,0,transient
12,512,243,1108569480,1108571100,27,transient
12,512,244,1096483800,1096558260,1241,transient
12,512,252,1123500720,1123501080,6,transient
12,512,253,1123500480,1123504260,63,permanent
12,512,254,1112912820,1112912820,0,transient
12,512,255,1103305440,1103305440,0,transient
12,512,264,1114879680,1114879740,0,transient
12,512,266,1115992320,1116009420,284,transient
12,512,287,1112117820,1112118060,4,transient
12,512,287,1113831240,1113831300,0,transient
12,512,287,1114094880,1114094880,0,transient
12,512,297,1112737440,1112794020,942,transient
12,512,297,1116280020,1116280380,6,transient
12,512,326,1112887140,1112887140,0,transient
12,512,351,1112317200,1112317560,6,transient
12,512,358,1114615020,1114615080,0,transient
12,512,380,1115275320,1115401500,2103,transient
12,512,387,1115577600,1115583060,90,transient
12,512,389,1110471060,1110471180,1,transient
12,512,399,1113921600,1113921780,2,transient
12,512,427,1112006220,1112006340,2,transient
12,512,428,1113417120,1113417240,1,transient
12,512,444,1114433400,1114433520,1,transient
12,512,452,1112984700,1112984820,2,transient
12,512,454,1112653800,1112653800,0,transient
12,512,458,1115433360,1115655420,3700,transient
12,512,458,1115655900,1115655960,1,transient
12,512,462,1113921840,1113924240,39,transient
12,512,495,1112169120,1112169240,2,transient
12,512,508,1111700580,1111700700,1,transient
12,512,510,1111155300,1111159320,67,transient
