13,256,0,1075658220,1076053800,6593,transient
13,256,0,1099776900,1099927800,2515,transient
13,256,0,1125406800,1125435600,480,transient
13,256,1,1105648200,1106073060,7080,transient
13,256,1,1106142180,1106228220,1433,transient
13,256,1,1107278220,1107278340,1,transient
13,256,2,1099344360,1099344540,3,transient
13,256,6,1104770940,1104772140,19,transient
13,256,7,1106924160,1106924160,0,transient
13,256,7,1125824940,1125824940,0,transient
13,256,8,1104070860,1104074580,61,transient
13,256,12,1068511140,1068512400,21,transient
13,256,13,1106773800,1106774160,6,transient
13,256,18,1100548560,1100550720,36,transient
13,256,18,1103271540,1103317080,758,transient
13,256,28,1096551480,1096552140,11,transient
13,256,31,1119650820,1119708360,958,transient
13,256,32,1106614800,1106614800,0,transient
13,256,32,1107036060,1107036120,0,transient
13,256,32,1109801520,1109831160,493,transient
13,256,32,1110106860,1110106860,0,transient
13,256,32,1110110400,1110110400,0,transient
13,256,32,1120141320,1120141380,0,transient
13,256,33,1122512280,1122533220,349,transient
13,256,34,1120076280,1120080180,64,transient
13,256,35,1097790060,1098151200,6019,transient
13,256,36,1123883580,1123884720,19,transient
13,256,37,1102833060,1102891560,975,transient
13,256,37,1105612380,1105613700,21,transient
13,256,38,1098908280,1098969180,1015,transient
13,256,40,1098768300,1098886920,1977,transient
13,256,41,1097229120,1097679600,7508,transient
13,256,43,1101753420,1101753480,1,transient
13,256,43,1103664900,1103665620,11,transient
13,256,43,1118394660,1118394720,0,transient
13,256,44,1071022140,1071022260,2,transient
13,256,44,1095273000,1095944400,11190,transient
13,256,49,1107279000,1107558120,4652,transient
13,256,49,1121571240,1121666220,1582,transient
13,256,50,1099344660,1099344780,2,transient
13,256,50,1104977100,1105019580,707,transient
13,256,51,1068148800,1068150600,30,permanent
13,256,51,1102231980,1102232040,1,transient
13,256,51,1104952500,1104952500,0,transient
13,256,53,1122325320,1122326160,14,transient
13,256,53,1123168140,1123771920,10063,transient
13,256,56,1099408500,1099408560,1,transient
13,256,57,1095867000,1096311600,7410,transient
13,256,57,1096552800,1096570200,290,transient
13,256,60,1124702040,1124705640,60,transient
13,256,60,1124705640,1124729520,398,transient
13,256,67,1104871020,1104871860,13,transient
13,256,73,1068774540,1068777900,56,transient
13,256,73,1098148920,1098149100,3,transient
13,256,74,1109125200,1109125260,1,transient
13,256,75,1092891600,1096380000,58140,transient
13,256,75,1102220100,1102316040,1599,transient
13,256,76,1072818000,1073322000,8400,permanent
13,256,77,1071090900,1071092100,20,transient
13,256,79,1101492660,1101542700,834,transient
13,256,79,1104263340,1104263340,0,transient
13,256,79,1122337080,1122374880,629,transient
13,256,80,1069195920,1069268400,1208,transient
13,256,80,1072818000,1073320200,8370,transient
13,256,80,1122401160,1122402360,19,transient
13,256,80,1124391000,1124391540,9,transient
13,256,81,1095867000,1096040700,2895,transient
13,256,81,1101751680,1101751740,1,transient
13,256,81,1104472380,1104472380,0,transient
13,256,82,1096918980,1096919040,1,transient
13,256,82,1097020500,1097094900,1240,transient
13,256,82,1098125340,1098125460,2,transient
13,256,82,1098129600,1098134460,81,transient
13,256,82,1098360600,1098360720,2,transient
13,256,82,1098478560,1098478740,3,transient
13,256,82,1098711360,1098711420,1,transient
13,256,82,1098713700,1098713760,1,transient
13,256,82,1098895440,1098897900,41,transient
13,256,82,1098901200,1098903840,44,transient
13,256,82,1098907860,1098907920,1,transient
13,256,82,1098909360,1098968940,993,transient
13,256,82,1121437200,1121437260,0,transient
13,256,86,1122936000,1122936120,1,transient
13,256,89,1100700480,1100700600,2,transient
13,256,89,1100700780,1100700900,2,transient
13,256,89,1118002980,1118003220,3,transient
13,256,90,1123525080,1123771920,4114,transient
13,256,94,1122936600,1122943920,121,transient
13,256,95,1071090900,1071091800,15,transient
13,256,96,1122986340,1123107180,2014,transient
13,256,99,1121809200,1121809860,10,transient
13,256,104,1122935820,1122936000,3,transient
13,256,106,1101746220,1101752820,110,transient
13,256,106,1104473520,1104473520,0,transient
13,256,113,1108074600,1108133880,987,transient
13,256,115,1117786260,1117788240,32,transient
13,256,117,1098788400,1098887160,1646,transient
13,256,118,1102973460,1102973580,2,transient
13,256,120,1076627700,1076627820,2,transient
13,256,122,1105456500,1105457760,20,transient
13,256,122,1119423360,1119426720,55,transient
13,256,122,1119602220,1119602220,0,transient
13,256,122,1120153680,1120155000,21,transient
13,256,123,1095775200,1095796800,360,transient
13,256,126,1119016500,1119016800,4,permanent
13,256,128,1103662740,1103664480,29,transient
13,256,128,1120527480,1120534500,116,transient
13,256,129,1097779620,1097852400,1213,transient
13,256,133,1117794300,1117795320,16,transient
13,256,135,1095693180,1095793200,1667,transient
13,256,135,1097217900,1097605800,6465,transient
13,256,141,1069343100,1069344900,30,transient
13,256,142,1123174440,1123174740,5,permanent
13,256,142,1123525320,1123771920,4110,transient
13,256,143,1107567720,1107568680,16,transient
13,256,144,1124977200,1124978340,19,transient
13,256,144,1124983080,1124990460,123,transient
13,256,145,1097847300,1097849460,36,transient
13,256,145,1119377400,1119378000,9,transient
13,256,145,1123168620,1123771920,10055,transient
13,256,147,1098824100,1098900600,1275,transient
13,256,147,1099684800,1099687260,41,transient
13,256,148,1119365520,1119365520,0,transient
13,256,149,1119366360,1119366720,5,transient
13,256,156,1076613300,1076613420,2,transient
13,256,156,1096553940,1096554000,1,transient
13,256,156,1097464560,1097606160,2360,transient
13,256,156,1098974340,1099060860,1442,transient
13,256,156,1099326540,1099409760,1387,transient
13,256,156,1099669500,1099673760,71,transient
13,256,156,1119139380,1119142800,56,transient
13,256,156,1119303180,1119374940,1195,transient
13,256,157,1099057320,1099058700,23,transient
13,256,159,1095693300,1096299900,10110,transient
13,256,159,1096377780,1096382040,71,transient
13,256,160,1096293600,1096308900,255,transient
13,256,160,1099056720,1099056780,1,transient
13,256,160,1103346420,1103346480,0,transient
13,256,161,1099670400,1099681860,191,transient
13,256,162,1121678400,1121682360,66,transient
13,256,163,1070098260,1070495340,6618,transient
13,256,164,1102705140,1102706400,21,transient
13,256,164,1105426980,1105426980,0,transient
13,256,165,1101549900,1101555780,98,transient
13,256,165,1104276360,1104276420,0,transient
13,256,167,1099685160,1099685580,7,transient
13,256,173,1101031620,1101031740,2,transient
13,256,173,1103752260,1103752260,0,transient
13,256,174,1102318020,1102321080,51,transient
13,256,174,1105041720,1105041720,0,transient
13,256,174,1121279520,1121328240,811,transient
13,256,174,1121328480,1121342640,235,transient
13,256,175,1075996020,1076514540,8642,transient
13,256,179,1083600000,1095311700,195195,transient
13,256,182,1119424800,1119425220,6,transient
13,256,182,1119472020,1119472020,0,transient
13,256,182,1121436240,1121442060,96,transient
13,256,185,1102987560,1103034480,781,transient
13,256,189,1103250840,1103312340,1025,transient
13,256,190,1117786260,1117788720,40,transient
13,256,190,1118259600,1118259720,2,transient
13,256,193,1119111180,1119113700,41,transient
13,256,193,1122933000,1122935220,37,transient
13,256,194,1119543360,1119543840,7,transient
13,256,194,1120135560,1120136640,17,transient
13,256,194,1120137480,1120137780,5,transient
13,256,195,1120155600,1120155660,1,transient
13,256,197,1068161400,1068228000,1110,transient
13,256,201,1101975420,1101975840,7,transient
13,256,201,1103011260,1103032440,353,transient
13,256,201,1103311200,1103311200,0,transient
13,256,203,1102119420,1102315860,3274,transient
13,256,203,1105036740,1105039560,46,transient
13,256,209,1125811560,1125814980,57,transient
13,256,212,1121328240,1121329740,24,transient
13,256,213,1075302900,1075407900,1750,transient
13,256,214,1121353920,1121361660,128,transient
13,256,215,1121358300,1121358360,0,transient
13,256,219,1117794300,1117795380,17,transient
13,256,219,1119222180,1119223680,24,transient
13,256,225,1117786260,1117787940,27,transient
13,256,226,1106710140,1106710200,0,permanent
13,256,226,1106766960,1106768580,27,permanent
13,256,226,1122569520,1122574200,78,transient
13,256,228,1120153920,1120155600,27,transient
13,256,229,1098739440,1098793920,908,transient
13,256,232,1106474640,1106582100,1791,transient
13,256,232,1123688280,1123771920,1394,transient
13,256,233,1068496200,1068507000,180,transient
13,256,236,1070233740,1070495340,4360,transient
13,256,240,1100805180,1100809320,69,transient
13,256,240,1103529240,1103529240,0,transient
13,256,241,1121443140,1121443380,4,transient
13,256,243,1119192900,1119193740,14,transient
13,256,246,1119222420,1119229440,116,transient
13,256,251,1104072420,1104072420,0,transient
13,256,251,1105533780,1105534140,5,transient
13,256,251,1119111420,1119113940,41,transient
13,256,252,1123766880,1123771920,84,transient
13,256,254,1122327240,1122327300,1,transient
13,256,254,1125511260,1125511320,0,transient
