14,128,129,1071890400,1071890520,2,transient
14,128,129,1072200000,1072200300,5,transient
14,128,129,1072216200,1072216500,5,transient
14,128,129,1077837600,1077891600,900,transient
14,128,129,1104069600,1104766680,11618,transient
14,128,130,1077056100,1077891600,13925,transient
14,128,131,1077056100,1077297780,4028,transient
14,128,131,1077818400,1077891300,1215,transient
14,128,131,1096654620,1096655280,11,transient
14,128,131,1098148680,1098148800,2,transient
14,128,131,1100625540,1100625840,5,transient
14,128,131,1103232540,1103232660,1,transient
14,128,131,1106335680,1106335800,1,transient
14,128,131,1106341020,1106341080,1,transient
14,128,131,1109604300,1109780880,2942,transient
14,128,131,1113310320,1113334860,408,transient
14,128,132,1077056100,1077297840,4029,transient
14,128,132,1097542800,1097542920,2,transient
14,128,132,1101052740,1101121860,1152,transient
14,128,132,1101121980,1101122100,2,transient
14,128,133,1077056100,1077297900,4030,transient
14,128,133,1105652280,1105652280,0,transient
14,128,133,1106073120,1106073240,2,transient
14,128,133,1106610060,1106611380,21,transient
14,128,133,1109322300,1109359440,618,transient
14,128,133,1109837580,1109839080,25,permanent
14,128,134,1097553720,1097553780,1,transient
14,128,134,1107467580,1107467940,6,transient
14,128,135,1100624700,1100701740,1284,transient
14,128,137,1080594000,1095944400,255840,transient
14,128,138,1081900500,1095444000,225725,transient
14,128,138,1100624640,1100702220,1293,transient
14,128,139,1104956520,1104956640,1,transient
14,128,140,1102434660,1103039640,10083,transient
14,128,141,1083600000,1083773700,2895,transient
14,128,142,1072045200,1072045500,5,transient
14,128,142,1112998500,1112998680,3,transient
14,128,145,1107274380,1107284880,174,transient
14,128,145,1112249700,1112275380,428,permanent
14,128,147,1071056220,1071085440,487,transient
14,128,148,1096669320,1097681760,16874,transient
14,128,148,1098123060,1098134820,196,transient
14,128,148,1100647860,1100705580,962,transient
14,128,148,1106939520,1106939820,5,transient
14,128,149,1072044600,1072044720,2,transient
14,128,149,1100704500,1100704560,1,transient
14,128,150,1110237240,1110245340,135,permanent
14,128,151,1100618340,1100647380,484,transient
14,128,152,1100625000,1100625840,14,transient
14,128,154,1100624940,1100702460,1292,transient
14,128,155,1106291100,1106315880,412,transient
14,128,155,1108940940,1108942140,19,transient
14,128,159,1087421820,1095427620,133430,permanent
14,128,162,1097335500,1097594760,4321,transient
14,128,162,1100625180,1100703120,1299,transient
14,128,167,1096535100,1096548900,230,transient
14,128,168,1095969000,1095969900,15,transient
14,128,168,1097003100,1097003160,1,transient
14,128,168,1097827380,1097852280,415,transient
14,128,168,1098384300,1098384420,2,transient
14,128,168,1098872100,1098886500,240,transient
14,128,173,1068880020,1069092060,3534,transient
14,128,174,1100552700,1100552760,1,transient
14,128,175,1075228380,1075406400,2967,transient
14,128,175,1077227400,1077314580,1453,permanent
14,128,180,1100552760,1100552820,1,transient
14,128,182,1072802400,1072802520,2,transient
14,128,194,1100624880,1100624940,1,transient
14,128,198,1100632680,1100632800,2,transient
14,128,198,1100634840,1100634900,1,transient
14,128,198,1100635080,1100635140,1,transient
14,128,198,1102438260,1102438380,2,transient
14,128,198,1102438620,1102438740,2,transient
14,128,198,1104766860,1104785640,312,transient
14,128,199,1100632080,1100632260,3,transient
14,128,199,1100632380,1100634720,39,transient
14,128,199,1100635860,1100637060,20,transient
14,128,199,1100639340,1100639460,2,transient
14,128,199,1100709780,1100710980,20,transient
14,128,199,1100715780,1100716020,4,transient
14,128,199,1100748660,1100758140,158,transient
14,128,199,1100760660,1100766000,89,transient
14,128,199,1100772540,1100788500,266,transient
14,128,199,1100799180,1100813340,236,transient
14,128,199,1101694500,1101738480,733,transient
14,128,203,1070490420,1070495760,89,transient
14,128,203,1071891600,1071891720,2,transient
14,128,203,1072047000,1072047120,2,transient
14,128,203,1072116000,1072116120,2,transient
14,128,203,1097484060,1097484180,2,transient
14,128,204,1071605400,1071605460,1,transient
14,128,204,1071702000,1071702900,15,transient
14,128,204,1071761400,1071761700,5,transient
14,128,208,1100624580,1100624640,1,transient
14,128,210,1100625480,1100625840,6,transient
14,128,211,1075834740,1075834860,2,transient
14,128,212,1100625420,1100625780,6,transient
14,128,213,1108759020,1108760340,21,transient
14,128,214,1100612100,1100612160,1,transient
14,128,215,1077148200,1077839700,11525,transient
14,128,218,1104956760,1104957120,6,transient
14,128,220,1108454460,1108454520,0,transient
14,128,222,1100618220,1100618280,1,transient
14,128,222,1107189000,1107467220,4637,transient
14,128,225,1071088380,1071088680,5,transient
14,128,228,1070769600,1070903520,2232,transient
14,128,232,1083713220,1083713700,8,permanent
14,128,232,1100625360,1100625840,8,transient
14,128,233,1075234500,1075407300,2880,transient
14,128,234,1111562640,1111563780,19,transient
14,128,238,1077837600,1077892200,910,transient
14,128,239,1075237020,1075407600,2843,transient
14,128,239,1075928400,1075928520,2,transient
14,128,241,1104955800,1104955860,1,transient
14,128,242,1101463620,1101469860,104,transient
14,128,242,1102430940,1102431060,2,transient
14,128,252,1100625060,1100625120,1,transient
14,128,254,1102430700,1102430760,1,transient
14,128,254,1112819520,1112824980,91,transient
14,128,255,1072219800,1072219920,2,transient
14,128,255,1097003760,1097003880,2,transient
14,128,255,1103302260,1103304360,34,transient
14,128,255,1104858300,1104858420,2,transient
14,128,255,1106336700,1106340480,63,transient
14,128,255,1112877420,1112877480,0,transient
