3,128,0,1064612400,1064691000,1310,transient
3,128,0,1066388400,1066408080,328,transient
3,128,0,1066840800,1066843080,38,transient
3,128,0,1068552060,1068567600,259,permanent
3,128,0,1071050400,1071073500,385,transient
3,128,0,1075921200,1075921500,5,transient
3,128,0,1076695200,1076718000,380,transient
3,128,0,1079985600,1079988300,45,transient
3,128,0,1082992440,1082999820,123,transient
3,128,0,1088551200,1088556420,87,transient
3,128,0,1093843920,1093872000,468,transient
3,128,0,1094566800,1094583900,285,transient
3,128,0,1099776900,1099821600,745,transient
3,128,0,1105797600,1105907100,1825,transient
3,128,0,1107757500,1107772080,243,transient
3,128,0,1109916000,1109950500,575,transient
3,128,0,1113852300,1113863880,193,transient
3,128,0,1114405500,1114411920,107,transient
3,128,0,1116405000,1116433800,480,transient
3,128,0,1125862620,1125863880,21,transient
3,128,1,1075917840,1075932000,236,transient
3,128,1,1102874220,1102876200,33,transient
3,128,1,1110135300,1110135900,10,transient
3,128,2,1066626300,1066627980,28,transient
3,128,2,1099715100,1099718700,60,transient
3,128,2,1111683600,1111685700,35,transient
3,128,3,1095000960,1095002160,20,transient
3,128,3,1102389300,1102390920,27,transient
3,128,4,1120918860,1120922220,56,transient
3,128,5,1063474020,1063484760,179,transient
3,128,6,1065737760,1065738720,16,transient
3,128,6,1069299000,1069303080,68,transient
3,128,6,1103919660,1104080460,2680,transient
3,128,6,1112637000,1112639040,34,transient
3,128,7,1066025100,1066032720,127,transient
3,128,9,1066119660,1066120740,18,transient
3,128,9,1083083520,1083085740,37,permanent
3,128,9,1095364740,1095372180,124,permanent
3,128,9,1101791100,1101792840,29,transient
3,128,9,1103851500,1103852940,24,transient
3,128,11,1065773040,1065773820,13,transient
3,128,11,1103766360,1103767020,11,transient
3,128,11,1124950140,1124960580,174,transient
3,128,12,1075448280,1075451700,57,transient
3,128,12,1103769000,1103771160,36,transient
3,128,13,1063592520,1063602900,173,transient
3,128,13,1063626900,1063637160,171,transient
3,128,13,1066249740,1066254000,71,transient
3,128,13,1068000420,1068002580,36,transient
3,128,13,1102174200,1102182000,130,transient
3,128,13,1103684880,1103686560,28,transient
3,128,14,1119479700,1119480900,20,transient
3,128,15,1104459240,1104460740,25,transient
3,128,15,1113189300,1113240720,857,permanent
3,128,16,1067541660,1067546160,75,transient
3,128,16,1093539540,1093541400,31,transient
3,128,17,1089450240,1089461160,182,transient
3,128,17,1099656000,1099656900,15,transient
3,128,18,1078697400,1078698540,19,transient
3,128,18,1122348720,1122352860,69,transient
3,128,20,1080982380,1080984480,35,transient
3,128,20,1096453380,1096457760,73,transient
3,128,21,1071594000,1071594600,10,transient
3,128,21,1072513200,1072523700,175,transient
3,128,22,1075089600,1075091640,34,transient
3,128,22,1101537360,1101539040,28,transient
3,128,22,1123702740,1123706460,62,transient
3,128,23,1064934480,1064952360,298,transient
3,128,23,1071337620,1071344280,111,transient
3,128,23,1092061380,1092163980,1710,permanent
3,128,23,1095865800,1095868680,48,transient
3,128,24,1124569980,1124574180,70,transient
3,128,25,1092512940,1092522720,163,transient
3,128,26,1075031880,1075033140,21,transient
3,128,27,1124426340,1124444220,298,transient
3,128,27,1124446680,1124455860,153,transient
3,128,27,1125370020,1125371160,19,transient
3,128,30,1073946240,1073946960,12,transient
3,128,30,1088232600,1088233920,22,transient
3,128,31,1066283700,1066290060,106,transient
3,128,32,1075837200,1075837440,4,transient
3,128,32,1095879720,1095883200,58,transient
3,128,32,1105784580,1105786020,24,transient
3,128,32,1117875480,1117895880,340,transient
3,128,34,1063645860,1063649700,64,transient
3,128,34,1097809080,1097810520,24,transient
3,128,35,1063748100,1063748280,3,transient
3,128,35,1066811460,1066843080,527,transient
3,128,35,1095042900,1095045900,50,transient
3,128,36,1081841520,1081842540,17,transient
3,128,37,1064343780,1064346000,37,transient
3,128,37,1066026600,1066030620,67,transient
3,128,37,1073451360,1073494800,724,permanent
3,128,37,1087666740,1087674000,121,transient
3,128,37,1093549740,1093552200,41,transient
3,128,37,1093885200,1093886100,15,transient
3,128,37,1097126400,1097128740,39,transient
3,128,37,1121459400,1121459700,5,transient
3,128,38,1071825000,1071865200,670,permanent
3,128,38,1122516720,1122517560,14,transient
3,128,39,1076543160,1076544780,27,transient
3,128,39,1095890040,1095892440,40,transient
3,128,39,1095985980,1095986880,15,transient
3,128,40,1065486840,1065487560,12,transient
3,128,40,1084256760,1084261800,84,transient
3,128,40,1096502040,1096507680,94,transient
3,128,41,1063531500,1063536000,75,transient
3,128,41,1072228680,1072231860,53,transient
3,128,41,1076834160,1076840400,104,transient
3,128,41,1082487000,1082488020,17,transient
3,128,41,1111985340,1111988040,45,transient
3,128,42,1075030020,1075045860,264,transient
3,128,42,1124304300,1124308320,67,transient
3,128,43,1099667460,1099670100,44,transient
3,128,44,1076403900,1076404380,8,transient
3,128,44,1077818280,1077820620,39,transient
3,128,44,1120144440,1120146780,39,transient
3,128,46,1064997900,1065012000,235,transient
3,128,46,1078643700,1078652820,152,transient
3,128,46,1097721180,1097722020,14,transient
3,128,46,1122981000,1122983940,49,transient
3,128,48,1065500460,1065501840,23,transient
3,128,48,1093459260,1093470900,194,transient
3,128,48,1095445560,1095449220,61,transient
3,128,49,1084501380,1084504800,57,transient
3,128,50,1066631280,1066632240,16,transient
3,128,50,1095979980,1095982020,34,transient
3,128,50,1121831340,1121834160,47,transient
3,128,51,1072752900,1072755300,40,permanent
3,128,51,1083422760,1083424740,33,transient
3,128,52,1066628100,1066628520,7,transient
3,128,52,1086388200,1086389580,23,transient
3,128,53,1086185460,1086189600,69,transient
3,128,54,1066045860,1066046880,17,transient
3,128,54,1090044060,1090045320,21,transient
3,128,54,1115529840,1115530800,16,transient
3,128,54,1122652260,1122658740,108,transient
3,128,56,1066332960,1066337220,71,transient
3,128,57,1113790980,1113799920,149,permanent
3,128,59,1104449400,1104450600,20,transient
3,128,60,1077252600,1077253500,15,transient
3,128,61,1076569440,1076570760,22,transient
3,128,61,1083783600,1083789780,103,transient
3,128,61,1112548260,1112549760,25,transient
3,128,61,1114560660,1114566600,99,transient
3,128,61,1125220380,1125222060,28,transient
3,128,62,1073821380,1073825520,69,transient
3,128,62,1074298020,1074300780,46,transient
3,128,63,1089366900,1089368040,19,transient
3,128,63,1093971120,1093972200,18,transient
3,128,64,1066840800,1066843080,38,transient
3,128,65,1100778480,1100784180,95,transient
3,128,65,1123852800,1123862400,160,permanent
3,128,66,1064373660,1064376180,42,transient
3,128,66,1065516000,1065517440,24,transient
3,128,66,1065612600,1065615000,40,transient
3,128,66,1065664620,1065665340,12,transient
3,128,66,1065737700,1065742320,77,transient
3,128,66,1065869700,1065870300,10,transient
3,128,66,1067848680,1067851680,50,transient
3,128,66,1068216780,1068217800,17,transient
3,128,66,1081692480,1081693080,10,transient
3,128,66,1087424340,1087427340,50,transient
3,128,67,1068160500,1068161700,20,transient
3,128,67,1082249040,1082251080,34,transient
3,128,67,1090097580,1090099260,28,transient
3,128,67,1099879920,1099886520,110,transient
3,128,68,1100073600,1100074500,15,transient
3,128,68,1125033600,1125036900,55,transient
3,128,69,1066030860,1066031400,9,transient
3,128,71,1065943800,1065944760,16,transient
3,128,71,1125408660,1125428100,324,transient
3,128,72,1111587960,1111590720,46,transient
3,128,73,1063981740,1063982520,13,transient
3,128,73,1070956200,1070957640,24,transient
3,128,74,1067856780,1067858220,24,transient
3,128,74,1108533300,1108534200,15,transient
3,128,75,1063547760,1063561800,234,transient
3,128,75,1101587100,1101598980,198,transient
3,128,75,1103718720,1103722320,60,transient
3,128,75,1124975820,1124978700,48,transient
3,128,76,1068493980,1068497100,52,transient
3,128,77,1066790700,1066791600,15,transient
3,128,77,1078884360,1078887120,46,transient
3,128,77,1084725960,1084730580,77,transient
3,128,77,1087472940,1087482900,166,transient
3,128,78,1066292100,1066293120,17,transient
3,128,78,1126029600,1126030920,22,transient
3,128,79,1116688800,1116698400,160,transient
3,128,79,1116702900,1116706500,60,transient
3,128,80,1066293180,1066298280,85,transient
3,128,80,1068191400,1068203520,202,transient
3,128,80,1073033940,1073037060,52,transient
3,128,80,1112263200,1112276820,227,transient
3,128,80,1113077400,1113080340,49,transient
3,128,80,1116690000,1116698400,140,transient
3,128,81,1072133820,1072137000,53,transient
3,128,82,1077557400,1077560700,55,transient
3,128,83,1071978600,1072026000,790,permanent
3,128,83,1076494500,1076516460,366,permanent
3,128,83,1076520600,1076524380,63,permanent
3,128,84,1069179900,1069180200,5,transient
3,128,84,1116381000,1116384720,62,transient
3,128,84,1117810740,1117812840,35,transient
3,128,85,1082770740,1082772060,22,transient
3,128,85,1115176860,1115179200,39,transient
3,128,86,1074688980,1074694500,92,transient
3,128,87,1093341600,1093343280,28,transient
3,128,87,1101027000,1101040080,218,transient
3,128,87,1111086360,1111090800,74,transient
3,128,88,1065569640,1065570120,8,transient
3,128,88,1065612780,1065616020,54,transient
3,128,88,1100320080,1100322600,42,transient
3,128,89,1101243600,1101246000,40,transient
3,128,90,1068099600,1068100320,12,transient
3,128,90,1069732200,1069737600,90,transient
3,128,90,1117563300,1117564680,23,transient
3,128,91,1065492660,1065493380,12,transient
3,128,92,1078384500,1078386300,30,transient
3,128,92,1079561100,1079565420,72,transient
3,128,92,1100199600,1100202900,55,transient
3,128,93,1065937200,1065937980,13,transient
3,128,93,1098555960,1098560640,78,transient
3,128,94,1065612780,1065616020,54,transient
3,128,94,1080094620,1080098340,62,transient
3,128,94,1083014820,1083021300,108,transient
3,128,94,1114566660,1114568100,24,transient
3,128,94,1121330820,1121339160,139,transient
3,128,95,1065612240,1065620340,135,transient
3,128,96,1066840800,1066843080,38,transient
3,128,96,1114923660,1114940760,285,transient
3,128,96,1118322300,1118336580,238,transient
3,128,96,1121763480,1121768520,84,transient
3,128,97,1094195520,1094198100,43,transient
3,128,97,1112702580,1112717100,242,transient
3,128,99,1066287360,1066287960,10,transient
3,128,99,1073946240,1073946900,11,transient
3,128,100,1080913200,1080913500,5,transient
3,128,101,1063810440,1063822320,198,transient
3,128,101,1110447660,1110451740,68,transient
3,128,101,1116551160,1116552600,24,transient
3,128,102,1066291260,1066291800,9,transient
3,128,102,1066628640,1066629120,8,transient
3,128,102,1114274220,1114275900,28,transient
3,128,102,1117671060,1117675620,76,transient
3,128,103,1113599220,1113601200,33,transient
3,128,104,1075623060,1075625640,43,transient
3,128,104,1120042860,1120046040,53,transient
3,128,105,1090865100,1090869600,75,transient
3,128,105,1096017300,1096025640,139,permanent
3,128,106,1097956800,1097961300,75,transient
3,128,107,1075791840,1075827000,586,transient
3,128,107,1103074140,1103080320,103,transient
3,128,108,1088861100,1088864220,52,transient
3,128,108,1124690460,1124690940,8,transient
3,128,109,1074171240,1074171900,11,transient
3,128,109,1079473440,1079475240,30,transient
3,128,109,1093672380,1093674180,30,transient
3,128,109,1112318400,1112320440,34,transient
3,128,109,1124119260,1124127600,139,permanent
3,128,110,1077559200,1077562800,60,transient
3,128,111,1070958120,1070958300,3,transient
3,128,111,1080428580,1080432300,62,transient
3,128,112,1068047640,1068059880,204,transient
3,128,112,1108832340,1108837200,81,transient
3,128,112,1114428540,1114430940,40,transient
3,128,112,1119974940,1119978960,67,transient
3,128,112,1120981860,1120986180,72,transient
3,128,113,1073584800,1073587800,50,transient
3,128,113,1101782460,1101783600,19,transient
3,128,113,1121522940,1121525280,39,transient
3,128,114,1102616280,1102618320,34,transient
3,128,114,1112734980,1112737980,50,transient
3,128,115,1085307540,1085313000,91,transient
3,128,115,1103870820,1104166620,4930,permanent
3,128,116,1066307160,1066308600,24,transient
3,128,116,1088650260,1088659500,154,transient
3,128,116,1125158700,1125162060,56,transient
3,128,117,1069515300,1069533900,310,transient
3,128,118,1113226800,1113228840,34,transient
3,128,119,1066124640,1066125420,13,transient
3,128,119,1070473020,1070474340,22,transient
3,128,120,1066519200,1066525620,107,transient
3,128,120,1125610800,1125612780,33,transient
3,128,120,1125726780,1125747000,337,transient
3,128,121,1070401440,1070404500,51,transient
3,128,121,1073080260,1073082120,31,transient
3,128,122,1065400800,1065412380,193,transient
3,128,122,1085313480,1085315220,29,transient
3,128,122,1095883860,1095885060,20,transient
3,128,122,1120848120,1120850520,40,transient
3,128,123,1111023840,1111026360,42,transient
3,128,124,1102882680,1102886820,69,transient
3,128,126,1065638460,1065643980,92,transient
3,128,126,1099734780,1099753140,306,transient
3,128,126,1106384580,1106396700,202,transient
3,128,126,1107570840,1107578040,120,transient
3,128,127,1066973400,1066979760,106,transient
3,128,127,1112842920,1112845260,39,transient
