5,128,0,1067445600,1067449740,69,transient
5,128,0,1069505580,1069518000,207,transient
5,128,0,1069761600,1069769100,125,transient
5,128,0,1071050400,1071074100,395,transient
5,128,0,1072995600,1072997280,28,transient
5,128,0,1075405200,1075408200,50,transient
5,128,0,1075919160,1075919640,8,transient
5,128,0,1076341500,1076341920,7,transient
5,128,0,1077500400,1077502380,33,transient
5,128,0,1079985600,1079988300,45,transient
5,128,0,1083613200,1083618900,95,transient
5,128,0,1083833100,1083837240,69,transient
5,128,0,1084721700,1084727460,96,transient
5,128,0,1084737600,1084743000,90,transient
5,128,0,1091549640,1091552880,54,transient
5,128,0,1094016600,1094020200,60,transient
5,128,0,1100029200,1100039100,165,transient
5,128,0,1106547000,1106555400,140,transient
5,128,0,1108654080,1108656000,32,transient
5,128,0,1108735800,1108737300,25,transient
5,128,0,1110090420,1110096540,102,transient
5,128,0,1110111120,1110122100,183,transient
5,128,0,1112591220,1112601120,165,transient
5,128,0,1113714420,1113729120,245,transient
5,128,0,1113852300,1113863340,184,transient
5,128,0,1114405800,1114408800,50,transient
5,128,0,1114664400,1114669800,90,transient
5,128,0,1116405000,1116433800,480,transient
5,128,0,1124931360,1124948040,278,transient
5,128,0,1124958840,1124965080,104,transient
5,128,0,1125412980,1125415380,40,transient
5,128,1,1076124960,1076173200,804,permanent
5,128,1,1106666220,1106673300,118,transient
5,128,2,1068149640,1068150840,20,transient
5,128,2,1079670000,1079671020,17,transient
5,128,2,1110996600,1110997980,23,transient
5,128,3,1116397680,1116401400,62,transient
5,128,3,1126286880,1126291620,79,transient
5,128,5,1067726220,1067732940,112,transient
5,128,5,1071975960,1071979380,57,transient
5,128,6,1076740680,1076789340,811,transient
5,128,6,1097215140,1097217000,31,transient
5,128,6,1097521200,1097523660,41,transient
5,128,6,1110922920,1110936780,231,transient
5,128,7,1071856080,1071865200,152,permanent
5,128,7,1083159840,1083162900,51,transient
5,128,7,1083520080,1083522660,43,transient
5,128,7,1123825800,1123829400,60,transient
5,128,8,1071943320,1072129320,3100,permanent
5,128,8,1078193100,1078194300,20,transient
5,128,9,1094434440,1094440440,100,transient
5,128,9,1098580140,1098584040,65,transient
5,128,9,1100435520,1100436720,20,transient
5,128,9,1117466220,1117472940,112,transient
5,128,10,1077270000,1077273900,65,transient
5,128,10,1082554080,1082555280,20,transient
5,128,12,1078991220,1078991940,12,transient
5,128,12,1119733740,1119735180,24,transient
5,128,13,1107280800,1107281760,16,transient
5,128,13,1123821600,1123854000,540,permanent
5,128,14,1070885820,1070897880,201,transient
5,128,14,1072284840,1072291980,119,transient
5,128,14,1091702100,1091707980,98,transient
5,128,14,1116216240,1116216780,9,transient
5,128,15,1069018200,1069019820,27,transient
5,128,15,1070851140,1070857920,113,transient
5,128,15,1075637340,1075644360,117,transient
5,128,15,1076615160,1076620140,83,transient
5,128,15,1079997180,1080000540,56,transient
5,128,15,1080673200,1080676500,55,transient
5,128,15,1080710340,1080712740,40,transient
5,128,15,1103196840,1103224140,455,transient
5,128,16,1076635500,1076637720,37,transient
5,128,16,1106958900,1106959800,15,transient
5,128,17,1074345780,1074354420,144,transient
5,128,17,1076676240,1076680320,68,transient
5,128,17,1087871100,1087874700,60,transient
5,128,17,1103531280,1103532720,24,transient
5,128,18,1100889540,1100890800,21,transient
5,128,20,1100440260,1100442900,44,transient
5,128,21,1075953000,1075956300,55,transient
5,128,22,1072327740,1072456320,2143,transient
5,128,22,1120084560,1120087500,49,transient
5,128,23,1074565500,1074566220,12,transient
5,128,23,1121001840,1121013840,200,transient
5,128,25,1079801160,1079805900,79,transient
5,128,25,1087350300,1087368900,310,permanent
5,128,25,1102098780,1102103640,81,transient
5,128,26,1068522300,1068525720,57,transient
5,128,26,1075623180,1075629180,100,transient
5,128,26,1086893220,1086895620,40,transient
5,128,27,1092016800,1092017700,15,transient
5,128,27,1097989380,1097991600,37,transient
5,128,27,1106724000,1106724300,5,transient
5,128,27,1108253160,1108343940,1513,transient
5,128,27,1113701640,1113708300,111,transient
5,128,28,1071845820,1071848940,52,transient
5,128,28,1074678300,1074686160,131,transient
5,128,29,1101229500,1101236160,111,transient
5,128,30,1071134580,1071136560,33,transient
5,128,30,1073802960,1073804220,21,transient
5,128,30,1081770120,1081773360,54,transient
5,128,31,1067115300,1067117160,31,transient
5,128,31,1101869700,1101870420,12,transient
5,128,31,1108462380,1108466160,63,transient
5,128,32,1084474440,1084474800,6,transient
5,128,32,1100719620,1100721300,28,transient
5,128,32,1109494980,1109497260,38,transient
5,128,33,1095060600,1095061860,21,transient
5,128,33,1111582920,1111587600,78,transient
5,128,34,1068813900,1068815760,31,transient
5,128,34,1071188760,1071191580,47,transient
5,128,34,1071247860,1071249840,33,transient
5,128,34,1072856100,1072868760,211,transient
5,128,34,1093032000,1093032840,14,transient
5,128,35,1066794420,1066808220,230,transient
5,128,35,1071013320,1071016680,56,transient
5,128,35,1071915900,1071922620,112,transient
5,128,35,1075146000,1075153260,121,transient
5,128,35,1108099200,1108099860,11,transient
5,128,36,1118446860,1118447820,16,transient
5,128,37,1091527080,1091531640,76,transient
5,128,37,1113241860,1113245280,57,transient
5,128,38,1077486900,1077500400,225,transient
5,128,38,1078233120,1078242660,159,transient
5,128,38,1092858900,1092861960,51,transient
5,128,39,1093154400,1093155240,14,transient
5,128,39,1124346000,1124384100,635,permanent
5,128,40,1071396660,1071398100,24,transient
5,128,40,1079563860,1079566500,44,transient
5,128,40,1113243660,1113246480,47,transient
5,128,40,1126241700,1126250220,142,transient
5,128,41,1090264800,1090267020,37,transient
5,128,41,1097229600,1097230740,19,transient
5,128,41,1111033260,1111034820,26,transient
5,128,43,1100476800,1100499900,385,permanent
5,128,45,1099109160,1099111860,45,transient
5,128,46,1104002280,1104080520,1304,transient
5,128,46,1113229560,1113229800,4,transient
5,128,46,1113360660,1113361500,14,transient
5,128,47,1079619900,1079621520,27,transient
5,128,48,1066723560,1066726440,48,transient
5,128,49,1095673800,1095674940,19,transient
5,128,50,1067975340,1067976780,24,transient
5,128,51,1080826920,1080832200,88,transient
5,128,52,1072599180,1072600320,19,transient
5,128,52,1082117220,1082118720,25,transient
5,128,53,1091518200,1091518800,10,transient
5,128,53,1110986400,1110990600,70,transient
5,128,53,1119610500,1119611940,24,transient
5,128,54,1121785860,1121789040,53,transient
5,128,55,1090026120,1090029120,50,transient
5,128,56,1081776960,1081782900,99,transient
5,128,56,1090385400,1090390560,86,transient
5,128,56,1095074820,1095075600,13,transient
5,128,56,1111964220,1111965300,18,transient
5,128,58,1087285020,1087290240,87,transient
5,128,58,1125200580,1125210600,167,transient
5,128,59,1106990520,1106998200,128,transient
5,128,59,1114832820,1114834800,33,transient
5,128,60,1068558300,1068560760,41,transient
5,128,60,1091739300,1091741040,29,transient
5,128,60,1101936240,1101946080,164,transient
5,128,60,1108526460,1108529880,57,transient
5,128,60,1109018040,1109035200,286,transient
5,128,60,1119250080,1119256200,102,transient
5,128,62,1111694400,1111695000,10,transient
5,128,62,1122543780,1122550260,108,transient
5,128,63,1073647080,1073655000,132,transient
5,128,63,1120625040,1120630620,93,transient
5,128,64,1095561600,1095567420,97,transient
5,128,64,1099776900,1099814400,625,transient
5,128,64,1115692740,1115703000,171,transient
5,128,64,1119087000,1119105000,300,transient
5,128,64,1124932380,1124933460,18,transient
5,128,64,1125408600,1125409200,10,transient
5,128,65,1078441980,1078449120,119,transient
5,128,65,1091504280,1091506740,41,transient
5,128,66,1067525940,1067528580,44,transient
5,128,66,1067747940,1067749860,32,transient
5,128,66,1067832900,1067839740,114,transient
5,128,66,1080098040,1080167280,1154,permanent
5,128,66,1095714480,1095718920,74,transient
5,128,66,1110629340,1110644400,251,transient
5,128,66,1113248460,1113250800,39,transient
5,128,66,1122130140,1122132720,43,transient
5,128,67,1075376160,1075387200,184,transient
5,128,67,1119467460,1119469560,35,transient
5,128,68,1101615000,1101636300,355,transient
5,128,68,1123755960,1123770180,237,permanent
5,128,69,1067255820,1067260140,72,transient
5,128,69,1116214800,1116217200,40,transient
5,128,69,1123829160,1123829880,12,transient
5,128,70,1078816620,1078817700,18,transient
5,128,70,1120055640,1120061760,102,transient
5,128,70,1123351020,1123356840,97,transient
5,128,71,1080925080,1080982260,953,transient
5,128,71,1111488540,1111491360,47,transient
5,128,71,1121719680,1121720460,13,transient
5,128,72,1124267640,1124277180,159,transient
5,128,73,1088658300,1088659500,20,transient
5,128,73,1091527200,1091531640,74,transient
5,128,73,1103916300,1103918340,34,transient
5,128,75,1083889320,1083896340,117,transient
5,128,75,1109023140,1109028900,96,transient
5,128,75,1111173120,1111180800,128,transient
5,128,75,1114193460,1114195500,34,transient
5,128,76,1071744360,1071756000,194,transient
5,128,76,1075045080,1075046460,23,transient
5,128,76,1096269660,1096280580,182,transient
5,128,77,1091608620,1091612220,60,transient
5,128,78,1066616280,1066620180,65,transient
5,128,78,1083820500,1083833100,210,transient
5,128,78,1103368920,1103370420,25,transient
5,128,79,1078122000,1078162200,670,transient
5,128,80,1087495440,1087502520,118,transient
5,128,80,1087509600,1087511580,33,transient
5,128,80,1117263060,1117274400,189,transient
5,128,80,1124900400,1124905440,84,transient
5,128,82,1074645480,1074646140,11,transient
5,128,82,1086379980,1086382800,47,transient
5,128,83,1077124800,1077128640,64,transient
5,128,83,1106995680,1106997240,26,transient
5,128,86,1071209400,1071217500,135,transient
5,128,86,1088876700,1088879040,39,transient
5,128,86,1094711220,1094783460,1204,transient
5,128,86,1109272500,1109276220,62,transient
5,128,86,1109456040,1109462580,109,transient
5,128,87,1118552520,1118553360,14,transient
5,128,88,1105973460,1105984740,188,transient
5,128,88,1116070980,1116076920,99,transient
5,128,89,1068279060,1068283140,68,transient
5,128,89,1099247160,1099250640,58,transient
5,128,90,1084692060,1084721700,494,transient
5,128,90,1087725840,1087728600,46,transient
5,128,90,1102540560,1102545600,84,transient
5,128,90,1113846840,1113848760,32,transient
5,128,91,1069768140,1069769940,30,transient
5,128,92,1122875220,1122912300,618,permanent
5,128,93,1120421640,1120423140,25,transient
5,128,94,1077630840,1077650280,324,transient
5,128,94,1119113580,1119116400,47,transient
5,128,96,1075920900,1075923840,49,transient
5,128,96,1108806420,1108811880,91,transient
5,128,96,1119090600,1119105000,240,transient
5,128,96,1124929620,1124963100,558,transient
5,128,97,1124947920,1124963100,253,transient
5,128,98,1066589820,1066597980,136,transient
5,128,98,1082989200,1082989500,5,transient
5,128,98,1118319300,1118322900,60,transient
5,128,99,1082991420,1082991900,8,transient
5,128,99,1089606840,1089609300,41,transient
5,128,99,1102068600,1102075200,110,transient
5,128,99,1115647500,1115652540,84,transient
5,128,99,1117732140,1117736760,77,transient
5,128,100,1112595960,1112604540,143,transient
5,128,101,1080805320,1080807240,32,transient
5,128,102,1076388900,1076393160,71,transient
5,128,102,1112924460,1112926800,39,transient
5,128,104,1073039880,1073041080,20,transient
5,128,104,1074664800,1074678840,234,transient
5,128,104,1081685220,1081690440,87,transient
5,128,105,1125583200,1125587100,65,transient
5,128,106,1102512480,1102514400,32,transient
5,128,106,1119786240,1119789180,49,transient
5,128,106,1125389520,1125397740,137,transient
5,128,107,1074508560,1074511380,47,transient
5,128,107,1079700900,1079701500,10,transient
5,128,107,1093963980,1093965600,27,transient
5,128,107,1102215000,1102215360,6,transient
5,128,107,1102454400,1102598220,2397,transient
5,128,107,1108653840,1108657200,56,transient
5,128,107,1117642380,1117649400,117,transient
5,128,108,1072122480,1072127640,86,transient
5,128,108,1077068520,1077072120,60,transient
5,128,109,1074490740,1074511680,349,transient
5,128,111,1067853480,1067854680,20,transient
5,128,111,1081856400,1081857240,14,transient
5,128,111,1086049080,1086050880,30,transient
5,128,112,1082673600,1082674980,23,transient
5,128,112,1086675480,1086677580,35,transient
5,128,112,1092668160,1092681900,229,transient
5,128,112,1125503760,1125509820,101,transient
5,128,113,1067209680,1067223180,225,permanent
5,128,113,1081312260,1081312860,10,transient
5,128,114,1095969120,1095970200,18,transient
5,128,116,1123212480,1123213260,13,transient
5,128,120,1071119280,1071123900,77,transient
5,128,120,1078498440,1078500240,30,transient
5,128,121,1103833800,1103836260,41,transient
5,128,122,1070379240,1070380800,26,transient
5,128,122,1070794680,1070807940,221,transient
5,128,122,1084685100,1084721700,610,transient
5,128,122,1087570380,1087582560,203,permanent
5,128,122,1106867400,1106872320,82,transient
5,128,123,1075224780,1075234020,154,transient
5,128,123,1104777300,1104779040,29,transient
5,128,124,1068264660,1068270480,97,transient
5,128,124,1100872080,1100887740,261,transient
5,128,125,1115429460,1115430360,15,transient
5,128,126,1108646940,1108648800,31,transient
5,128,126,1113887100,1113913800,445,transient
5,128,126,1117633260,1117635360,35,transient
5,128,127,1107606300,1107608880,43,transient
5,128,127,1107861540,1107862680,19,transient
