9,256,0,1072728780,1072729020,4,transient
9,256,0,1099776900,1099927800,2515,transient
9,256,0,1112118000,1112118180,3,transient
9,256,0,1123271040,1123271100,1,transient
9,256,0,1123620840,1123620900,1,transient
9,256,0,1125406800,1125435600,480,transient
9,256,0,1126094400,1126114500,335,transient
9,256,1,1071164400,1071165600,20,transient
9,256,1,1076088540,1076088660,2,transient
9,256,1,1098152400,1098152580,3,transient
9,256,1,1108783860,1108783860,0,transient
9,256,1,1112982900,1112983020,1,transient
9,256,1,1118856660,1118856660,0,transient
9,256,1,1120575180,1120575240,1,transient
9,256,1,1121354220,1121354280,1,transient
9,256,1,1122989580,1122993000,57,transient
9,256,2,1115321400,1115322540,19,transient
9,256,2,1122057720,1122057780,1,transient
9,256,4,1103054220,1103101440,787,transient
9,256,4,1118937780,1118938380,10,transient
9,256,5,1095185400,1095362400,2950,transient
9,256,5,1121372820,1121372880,0,transient
9,256,5,1121702100,1121702160,1,transient
9,256,6,1121285640,1121285700,1,transient
9,256,14,1069614000,1069614180,3,transient
9,256,14,1071496800,1071586800,1500,transient
9,256,15,1095190800,1095445800,4250,transient
9,256,15,1117260840,1117263240,40,transient
9,256,17,1118945100,1118945340,3,transient
9,256,18,1119388860,1119390660,30,transient
9,256,19,1121885880,1121888280,40,transient
9,256,21,1112010000,1112010180,3,transient
9,256,22,1096389600,1096393200,60,transient
9,256,22,1096656000,1096656180,3,transient
9,256,22,1112983380,1112983500,2,transient
9,256,22,1118857860,1118858280,7,transient
9,256,23,1118858160,1118858220,0,transient
9,256,28,1095193200,1095445800,4210,transient
9,256,28,1097916780,1097916840,1,transient
9,256,29,1102771620,1102771620,0,transient
9,256,29,1105492200,1105492200,0,transient
9,256,31,1100302980,1100825040,8701,transient
9,256,31,1103257500,1103292900,590,transient
9,256,35,1117126440,1117126500,1,transient
9,256,42,1112886000,1112886120,2,transient
9,256,43,1088180100,1096570800,139845,transient
9,256,43,1096626000,1096638480,208,transient
9,256,46,1097089560,1097089620,1,transient
9,256,46,1099222560,1099324260,1695,transient
9,256,47,1103055180,1103063700,141,transient
9,256,47,1118946180,1118946480,4,transient
9,256,47,1124717940,1124718000,0,permanent
9,256,48,1110751620,1110751680,0,transient
9,256,48,1113402540,1113402660,1,transient
9,256,49,1104194100,1104216240,369,transient
9,256,49,1104240420,1104242400,32,transient
9,256,49,1104247380,1104248880,24,transient
9,256,49,1104255060,1104258120,50,transient
9,256,49,1104265140,1104267600,41,transient
9,256,49,1107129360,1107190140,1013,transient
9,256,49,1108253100,1108253160,0,transient
9,256,49,1112002440,1112002440,0,transient
9,256,55,1105723200,1106062980,5662,transient
9,256,57,1118944620,1118945760,19,transient
9,256,58,1099669980,1099670580,10,transient
9,256,58,1113128280,1113168060,663,transient
9,256,59,1108629720,1108629720,0,transient
9,256,61,1116489180,1116489240,0,transient
9,256,63,1107794700,1107794700,0,transient
9,256,63,1118954400,1118954400,0,transient
9,256,64,1117173600,1117175220,27,transient
9,256,65,1104479640,1104479700,1,transient
9,256,66,1097541540,1097602200,1011,transient
9,256,66,1099601520,1099662960,1024,transient
9,256,66,1101122700,1101142740,334,transient
9,256,66,1101142860,1101142920,1,transient
9,256,66,1101745560,1101745620,1,transient
9,256,66,1104466320,1104466320,0,transient
9,256,69,1102317660,1102342260,410,transient
9,256,69,1102342380,1102342560,3,transient
9,256,69,1102342740,1102342800,1,transient
9,256,69,1105063320,1105063320,0,transient
9,256,69,1116310500,1116311820,22,transient
9,256,71,1075327200,1075490100,2715,transient
9,256,71,1105470900,1105473840,48,transient
9,256,72,1071064260,1071064380,2,transient
9,256,72,1108710360,1108710360,0,transient
9,256,72,1108721760,1108721820,0,transient
9,256,72,1120177680,1120178760,17,transient
9,256,73,1123514040,1123519140,85,transient
9,256,73,1124467680,1124469000,22,transient
9,256,74,1110213900,1110213900,0,transient
9,256,74,1115040720,1115041860,18,transient
9,256,75,1071037260,1071037380,2,transient
9,256,76,1069613880,1069616940,51,transient
9,256,76,1069696080,1069700760,78,transient
9,256,77,1095177600,1095712500,8915,transient
9,256,77,1098418020,1098454200,603,transient
9,256,77,1115992380,1115994120,29,transient
9,256,77,1116250860,1116250920,1,transient
9,256,77,1118045100,1118057280,203,transient
9,256,77,1118259900,1118302620,712,transient
9,256,77,1119524460,1119526380,32,transient
9,256,78,1108796880,1108796880,0,transient
9,256,78,1113712200,1113833700,2024,transient
9,256,78,1113833760,1113833820,1,transient
9,256,79,1079488800,1079488920,2,transient
9,256,79,1103775540,1103819220,728,transient
9,256,81,1072725900,1072726020,2,transient
9,256,81,1100538420,1100538600,3,transient
9,256,81,1119557280,1119557340,1,transient
9,256,81,1123121400,1123160760,656,transient
9,256,81,1123459320,1123465500,103,transient
9,256,82,1100136900,1100140560,61,transient
9,256,82,1103256300,1103293260,616,transient
9,256,82,1113505200,1113505260,1,transient
9,256,82,1119342060,1119347340,88,permanent
9,256,82,1119354660,1119372060,289,transient
9,256,86,1102762380,1102764540,36,transient
9,256,86,1104074820,1104075120,4,transient
9,256,86,1119009900,1119010740,13,transient
9,256,87,1114204020,1114204080,1,transient
9,256,88,1108629840,1108629840,0,transient
9,256,88,1108797120,1108800480,56,transient
9,256,89,1123335240,1123336320,18,transient
9,256,93,1070673360,1070695380,367,permanent
9,256,94,1104961620,1104961860,3,transient
9,256,94,1105052580,1105079340,446,transient
9,256,94,1123756080,1123762320,103,permanent
9,256,95,1070677800,1070677860,1,transient
9,256,95,1104940980,1104941220,3,transient
9,256,95,1104950820,1104951180,5,transient
9,256,95,1104952860,1104953400,8,transient
9,256,95,1104957300,1104962700,89,transient
9,256,96,1104961740,1104961860,2,transient
9,256,97,1071090900,1071092400,25,transient
9,256,97,1112981400,1112981460,1,transient
9,256,97,1124555280,1124559000,61,transient
9,256,97,1124559000,1124732220,2886,transient
9,256,99,1112009820,1112010000,3,transient
9,256,101,1118855940,1118857200,21,transient
9,256,101,1122405480,1122405660,2,transient
9,256,101,1122476280,1122476460,2,transient
9,256,101,1122497760,1122497820,1,transient
9,256,102,1113581340,1113581520,3,transient
9,256,102,1122314400,1122314760,6,transient
9,256,103,1109614440,1109614680,3,transient
9,256,103,1119650760,1119716220,1090,transient
9,256,103,1123516800,1123517340,9,permanent
9,256,103,1123899240,1123901160,32,transient
9,256,105,1113506280,1113506340,0,transient
9,256,106,1119630240,1119637560,121,transient
9,256,110,1102750200,1102750320,2,transient
9,256,110,1118607360,1118607420,1,transient
9,256,110,1123348200,1123350900,44,transient
9,256,110,1123463640,1123463700,1,transient
9,256,113,1116984840,1117021440,610,transient
9,256,113,1123335720,1123349940,237,transient
9,256,113,1125047220,1125050400,52,transient
9,256,115,1115370000,1115370840,14,transient
9,256,116,1115219100,1115220060,16,transient
9,256,116,1123759560,1123762440,48,transient
9,256,117,1080574560,1083614400,50664,transient
9,256,117,1118866860,1118866860,0,transient
9,256,118,1112077680,1112081700,67,transient
9,256,118,1123339140,1123339140,0,transient
9,256,120,1118076300,1118076360,0,transient
9,256,120,1119885960,1119885960,0,transient
9,256,121,1124531160,1124531880,12,transient
9,256,121,1125109320,1125110160,14,transient
9,256,122,1122646440,1122646980,8,transient
9,256,122,1122877920,1122878880,16,transient
9,256,124,1123604520,1123605120,10,transient
9,256,125,1100711340,1100713260,32,transient
9,256,125,1103433780,1103433780,0,transient
9,256,127,1121372940,1121373060,1,transient
9,256,128,1109412420,1109412660,3,transient
9,256,128,1118120340,1118120460,1,transient
9,256,130,1110193860,1110193920,1,transient
9,256,131,1122989940,1122993000,51,transient
9,256,135,1102749360,1102749360,0,transient
9,256,137,1125867420,1125880140,211,permanent
9,256,138,1107879960,1107884280,72,transient
9,256,138,1117458960,1117459380,7,transient
9,256,139,1077693780,1077693900,2,transient
9,256,139,1110332220,1110332340,2,transient
9,256,139,1110581340,1110581520,3,transient
9,256,141,1124483040,1124487360,72,transient
9,256,142,1105469940,1105473900,66,transient
9,256,143,1118250420,1118250420,0,transient
9,256,145,1116251700,1116256680,82,transient
9,256,151,1112081700,1112082000,4,permanent
9,256,151,1112387400,1112387520,1,transient
9,256,151,1112679120,1112680800,28,transient
9,256,152,1070899800,1070899920,2,transient
9,256,153,1121955840,1121956440,10,transient
9,256,155,1067445000,1067445900,15,transient
9,256,156,1122027660,1122027720,0,transient
9,256,158,1108132560,1108141140,143,transient
9,256,160,1117850940,1117854480,58,transient
9,256,160,1117874100,1117874100,0,transient
9,256,160,1118005980,1118008440,40,transient
9,256,160,1118032860,1118034000,18,transient
9,256,160,1118058000,1118058000,0,transient
9,256,160,1118132100,1118189520,957,transient
9,256,160,1118274060,1118388120,1901,transient
9,256,160,1119373740,1119374340,9,transient
9,256,160,1124049720,1124049840,2,transient
9,256,161,1114911720,1114912620,14,transient
9,256,161,1122298140,1122298200,1,transient
9,256,168,1124289240,1124291640,40,transient
9,256,169,1112982120,1112982660,8,transient
9,256,171,1095184800,1095699600,8580,transient
9,256,171,1096376280,1096486800,1842,transient
9,256,173,1109543460,1109602680,986,transient
9,256,175,1113383160,1113384540,22,transient
9,256,176,1101577140,1101577260,2,transient
9,256,176,1104297900,1104297900,0,transient
9,256,179,1121892360,1121892420,1,transient
9,256,183,1108975200,1108975260,1,transient
9,256,190,1068552600,1068552720,2,transient
9,256,191,1098062400,1098062460,1,transient
9,256,194,1110872220,1110915840,727,transient
9,256,195,1102519380,1102535580,270,transient
9,256,195,1105256340,1105308060,861,transient
9,256,195,1115762820,1115765580,46,transient
9,256,196,1102503540,1102610400,1781,transient
9,256,196,1105330920,1105330920,0,transient
9,256,198,1105469460,1105473900,74,transient
9,256,201,1117786140,1117788000,31,transient
9,256,201,1124134320,1124134620,5,transient
9,256,201,1124253720,1124254920,20,transient
9,256,202,1121772720,1121774400,28,transient
9,256,202,1122140880,1122141480,10,transient
9,256,207,1102085940,1102086000,1,transient
9,256,207,1104806640,1104806640,0,transient
9,256,207,1115392740,1115393160,7,transient
9,256,209,1098061920,1098062040,2,transient
9,256,209,1103259180,1103293680,574,transient
9,256,216,1095105600,1095311100,3425,transient
9,256,216,1098069900,1098069960,1,transient
9,256,216,1118636220,1118636400,2,transient
9,256,219,1097464500,1097464620,2,transient
9,256,219,1102748580,1102748580,0,transient
9,256,219,1105468740,1105473900,86,transient
9,256,219,1110003660,1110003720,1,transient
9,256,222,1097470680,1097602140,2191,transient
9,256,222,1097607780,1097683980,1270,transient
9,256,222,1107874200,1107875100,14,transient
9,256,222,1113892320,1113913920,359,transient
9,256,222,1114004040,1114034160,501,transient
9,256,223,1102435380,1102441560,103,transient
9,256,223,1104665460,1104666960,24,transient
9,256,223,1107602280,1107640440,636,transient
9,256,224,1119301680,1119301740,1,transient
9,256,229,1107682680,1107685200,41,transient
9,256,229,1108479240,1108480380,19,transient
9,256,230,1097464800,1097464860,1,transient
9,256,234,1107691680,1107797280,1759,transient
9,256,236,1103967780,1104069720,1698,transient
9,256,237,1069969440,1069969560,2,transient
9,256,237,1118252220,1118252340,1,transient
9,256,238,1102748880,1102748880,0,transient
9,256,238,1112970780,1112970780,0,transient
9,256,239,1123172100,1123233900,1029,transient
9,256,239,1123431480,1123431480,0,transient
9,256,239,1123821420,1123850220,480,transient
9,256,244,1122986400,1122997380,183,transient
9,256,245,1119561000,1119563100,34,transient
9,256,247,1097833560,1097849520,266,transient
9,256,247,1121519880,1121666580,2445,transient
9,256,249,1098088860,1098088920,1,transient
9,256,250,1121723640,1121724660,16,transient
9,256,255,1070674800,1070674920,2,transient
9,256,255,1097848860,1097849340,8,transient
9,256,255,1103309100,1103309220,2,transient
9,256,255,1108135800,1108135860,0,transient
9,256,255,1116008340,1116009900,25,transient
9,256,255,1117725060,1117725120,0,transient
9,256,255,1121783400,1121783880,8,transient
