10,256,0,1099776900,1099927800,2515,transient
10,256,0,1112118000,1112118180,3,transient
10,256,0,1125406800,1125435600,480,transient
10,256,1,1098802440,1099061760,4322,transient
10,256,1,1099407300,1099428780,358,transient
10,256,1,1100029140,1100029740,10,transient
10,256,1,1103560500,1103560620,2,transient
10,256,1,1123624860,1123624980,1,transient
10,256,2,1103643240,1103643360,2,transient
10,256,2,1123248480,1123249320,14,transient
10,256,3,1098150420,1098150600,3,transient
10,256,3,1122922140,1122922500,6,transient
10,256,3,1123249020,1123249020,0,transient
10,256,4,1113286560,1113400500,1898,transient
10,256,4,1114667700,1116008040,22339,transient
10,256,4,1123058340,1123063560,86,transient
10,256,9,1068040800,1068042000,20,transient
10,256,9,1122914280,1122914340,1,transient
10,256,13,1106337540,1106583360,4096,transient
10,256,13,1106608980,1106609040,1,transient
10,256,13,1111502040,1111502460,6,transient
10,256,15,1076801460,1077224400,7049,transient
10,256,15,1112986020,1112986200,2,transient
10,256,18,1105731300,1106061780,5508,transient
10,256,18,1122049500,1122049560,1,transient
10,256,21,1068444000,1068476400,540,transient
10,256,21,1123519320,1123519320,0,transient
10,256,22,1067882400,1067954400,1200,transient
10,256,27,1101738480,1101738540,1,transient
10,256,27,1103819160,1103819280,1,permanent
10,256,27,1103823720,1103829720,100,transient
10,256,27,1104665280,1104666960,27,transient
10,256,28,1071592080,1071592200,2,transient
10,256,28,1118770680,1118770860,2,transient
10,256,31,1069818120,1069818540,7,permanent
10,256,31,1100707440,1100809680,1704,transient
10,256,31,1101548760,1101738360,3160,transient
10,256,31,1102320480,1102341420,349,transient
10,256,32,1077038580,1077038700,2,transient
10,256,33,1123168200,1123171680,58,transient
10,256,40,1068055200,1068129000,1230,permanent
10,256,40,1122924300,1122924900,9,transient
10,256,41,1104261600,1104263760,36,transient
10,256,42,1123998720,1123999860,18,permanent
10,256,44,1102750200,1102750260,1,transient
10,256,47,1105019040,1105019160,1,transient
10,256,47,1124410680,1124411340,10,transient
10,256,47,1124416080,1124418180,35,transient
10,256,48,1116983880,1116985800,32,transient
10,256,48,1121225400,1121225760,6,transient
10,256,49,1103450760,1103451000,3,transient
10,256,52,1113400020,1113830100,7168,transient
10,256,52,1122626760,1122630000,53,transient
10,256,54,1098003240,1098003420,3,transient
10,256,58,1123514040,1123514940,15,transient
10,256,59,1097762400,1097767200,80,transient
10,256,61,1105471200,1105473900,45,transient
10,256,61,1117209060,1117222380,222,transient
10,256,63,1099609980,1099662960,883,transient
10,256,63,1099933860,1099934160,5,transient
10,256,63,1102370700,1102372140,24,transient
10,256,63,1105092960,1105093440,8,transient
10,256,63,1107789060,1107795480,107,transient
10,256,63,1107873540,1107874620,18,transient
10,256,63,1107962820,1107963120,5,transient
10,256,63,1107968820,1107968820,0,transient
10,256,63,1108137780,1108139220,24,transient
10,256,65,1092891600,1095428100,42275,transient
10,256,66,1087567200,1095944400,139620,transient
10,256,66,1099379400,1099379460,1,transient
10,256,66,1100596980,1100597040,1,transient
10,256,67,1095172200,1095445800,4560,transient
10,256,67,1098090180,1098090300,2,transient
10,256,69,1071158880,1071159000,2,transient
10,256,69,1098006540,1098006600,1,transient
10,256,70,1080574560,1080594000,324,permanent
10,256,70,1099052040,1099056180,69,transient
10,256,71,1118143320,1118144160,14,transient
10,256,71,1120888440,1120889460,16,transient
10,256,75,1112889120,1112894220,85,transient
10,256,76,1100707620,1100707680,1,transient
10,256,81,1119372060,1119372060,0,transient
10,256,81,1119886080,1119886080,0,transient
10,256,81,1121837700,1121837760,0,transient
10,256,82,1119388320,1119417780,490,transient
10,256,88,1069503600,1069503660,1,transient
10,256,88,1105091520,1105093440,32,transient
10,256,88,1110987720,1111000260,208,transient
10,256,92,1115050560,1115932560,14700,transient
10,256,92,1117607520,1117611540,67,transient
10,256,94,1121436120,1121436540,6,transient
10,256,95,1099407840,1099422000,236,transient
10,256,95,1118866800,1118866860,0,transient
10,256,95,1120574100,1120574220,1,transient
10,256,95,1124467200,1124467980,12,transient
10,256,96,1113611400,1113831000,3660,transient
10,256,98,1108742340,1108743120,13,transient
10,256,98,1109009700,1109081340,1193,transient
10,256,99,1112287020,1112287140,1,transient
10,256,100,1073342760,1073602080,4322,transient
10,256,101,1105153980,1105154040,0,transient
10,256,101,1108030020,1108045020,250,transient
10,256,102,1109829720,1109830260,9,transient
10,256,103,1105154340,1105154340,0,transient
10,256,103,1123169340,1123169340,0,transient
10,256,103,1123515300,1123515360,0,transient
10,256,105,1074569280,1074616500,787,transient
10,256,105,1078559580,1078559700,2,transient
10,256,106,1105154820,1105154880,1,transient
10,256,108,1105155180,1105155180,0,transient
10,256,108,1125485220,1125500580,256,transient
10,256,109,1105155360,1105155360,0,transient
10,256,110,1072682520,1072682640,2,transient
10,256,110,1099602180,1099666560,1073,transient
10,256,110,1104072480,1104105300,546,transient
10,256,111,1105155720,1105155720,0,transient
10,256,112,1105155780,1105155840,0,transient
10,256,116,1105228320,1105229100,13,transient
10,256,126,1113296760,1113298860,34,transient
10,256,127,1103558160,1103558520,6,transient
10,256,127,1122500760,1122501360,9,transient
10,256,129,1100028360,1100028480,2,transient
10,256,130,1069347960,1069348200,4,transient
10,256,132,1121367000,1121389920,381,transient
10,256,133,1103289720,1103291160,23,transient
10,256,134,1112106840,1112112360,92,transient
10,256,134,1112119680,1112120220,9,transient
10,256,135,1097983920,1097983980,1,transient
10,256,135,1123884480,1123884780,5,transient
10,256,136,1070812320,1070812380,1,transient
10,256,137,1117119840,1117132560,212,transient
10,256,137,1117609560,1117610640,18,transient
10,256,137,1118844480,1118858160,227,transient
10,256,139,1117607400,1117611660,71,transient
10,256,141,1095665100,1096049880,6413,transient
10,256,142,1099210260,1099330260,2000,transient
10,256,142,1100880600,1100885700,85,transient
10,256,142,1103606280,1103606280,0,transient
10,256,142,1110183480,1110225540,700,transient
10,256,142,1110484920,1110485220,5,transient
10,256,143,1074661800,1074661920,2,transient
10,256,143,1110229680,1110230040,5,transient
10,256,144,1116882600,1116885000,40,transient
10,256,146,1124299080,1124302980,65,transient
10,256,149,1103041200,1103041860,11,transient
10,256,150,1115318280,1115932140,10230,transient
10,256,152,1102748940,1102751700,46,transient
10,256,154,1116965700,1116965700,0,transient
10,256,156,1111525440,1111533900,140,transient
10,256,157,1102749540,1102749540,0,transient
10,256,158,1069873320,1069873380,1,transient
10,256,163,1116966000,1117021800,930,transient
10,256,172,1104999480,1105042440,716,transient
10,256,172,1105043460,1105043520,1,transient
10,256,172,1105313400,1105313880,8,transient
10,256,174,1077139020,1077139140,2,transient
10,256,181,1095947100,1096299900,5880,transient
10,256,184,1101817800,1101824160,106,transient
10,256,185,1070856000,1070942460,1441,transient
10,256,188,1075320000,1075490700,2845,permanent
10,256,188,1105642320,1105652040,161,transient
10,256,188,1106835300,1106844300,150,transient
10,256,191,1100619840,1100619960,2,transient
10,256,191,1103340600,1103340600,0,transient
10,256,192,1112169000,1112169120,2,transient
10,256,193,1105470240,1105473900,61,transient
10,256,194,1110987840,1110987960,1,transient
10,256,194,1120146720,1120146840,1,transient
10,256,196,1103501520,1103524260,378,transient
10,256,196,1120889400,1120891380,32,transient
10,256,197,1120109760,1120111500,28,transient
10,256,199,1099121400,1099343400,3700,transient
10,256,199,1107786300,1107786840,9,transient
10,256,199,1119537840,1119538560,11,transient
10,256,199,1120147200,1120147500,4,transient
10,256,199,1121407800,1121408640,13,transient
10,256,201,1119563640,1119601020,623,transient
10,256,202,1117607520,1117611720,70,transient
10,256,203,1075326780,1075490400,2727,permanent
10,256,203,1110495720,1110495960,3,transient
10,256,203,1113506700,1113506760,1,transient
10,256,203,1118394360,1118395020,10,transient
10,256,204,1122877920,1122878880,15,transient
10,256,207,1102085760,1102087920,36,transient
10,256,207,1104808380,1104808440,1,transient
10,256,207,1115241360,1115932560,11520,transient
10,256,209,1103450640,1103450940,4,transient
10,256,209,1117823640,1117823700,1,transient
10,256,211,1120381560,1120386540,82,transient
10,256,211,1123515660,1123515660,0,transient
10,256,213,1103360880,1103377320,274,transient
10,256,213,1110987900,1111000500,209,transient
10,256,214,1097980980,1097981040,1,transient
10,256,214,1118248020,1118252160,68,transient
10,256,217,1095708300,1096296300,9800,transient
10,256,218,1119151320,1119151980,10,transient
10,256,219,1110551400,1110647460,1600,transient
10,256,220,1119556980,1119557040,1,transient
10,256,223,1102436640,1102436760,2,transient
10,256,223,1104561840,1104606900,751,transient
10,256,223,1104913440,1104933660,336,transient
10,256,223,1117607400,1117611720,72,transient
10,256,223,1119535200,1119536700,24,transient
10,256,225,1068754560,1069276500,8699,transient
10,256,227,1119234480,1119235140,10,transient
10,256,228,1111572240,1111574640,40,transient
10,256,233,1115230800,1115932140,11688,transient
10,256,237,1102506000,1102536300,505,permanent
10,256,237,1105257120,1105308120,850,transient
10,256,237,1123330920,1123332540,26,transient
10,256,239,1070308920,1070308980,1,transient
10,256,239,1070312160,1070495100,3049,transient
10,256,239,1108479180,1108479900,11,transient
10,256,241,1123231200,1123231260,1,transient
10,256,243,1110183600,1110214560,516,permanent
10,256,243,1121891040,1121891100,1,transient
10,256,244,1109603160,1109603700,8,permanent
10,256,245,1105469760,1105473900,69,transient
10,256,246,1108077780,1108078380,10,transient
10,256,248,1104660480,1104664560,67,transient
10,256,249,1102760760,1102760760,0,transient
10,256,249,1102762140,1102762140,0,transient
10,256,249,1105482780,1105482780,0,transient
10,256,249,1118682660,1118682660,0,transient
10,256,250,1070673660,1070673780,2,transient
10,256,251,1118682840,1118683800,15,transient
10,256,252,1102760880,1102761960,18,transient
10,256,252,1105482600,1105482600,0,transient
10,256,252,1107014940,1107014940,0,transient
10,256,252,1115931600,1116009900,1305,transient
10,256,252,1117280280,1117281420,19,transient
10,256,254,1076000280,1076079060,1313,transient
10,256,254,1076342400,1076524620,3037,transient
10,256,254,1077049800,1077921000,14520,transient
10,256,255,1097474880,1097475060,3,transient
10,256,255,1102749240,1102749300,1,transient
10,256,255,1112995200,1112995260,0,transient
