11,256,0,1099776900,1099927800,2515,transient
11,256,0,1111881000,1111881300,5,transient
11,256,0,1112118000,1112118180,3,transient
11,256,0,1125406800,1125435600,480,transient
11,256,1,1098149700,1098149880,3,transient
11,256,1,1121384340,1121384520,3,transient
11,256,2,1115819880,1115822640,46,transient
11,256,2,1122517800,1122518160,6,transient
11,256,4,1097153160,1097602800,7494,transient
11,256,4,1102765140,1102769400,71,transient
11,256,4,1103551620,1103558340,112,transient
11,256,4,1106328960,1106581620,4211,permanent
11,256,4,1106595120,1106595180,1,permanent
11,256,4,1106608560,1106608560,0,permanent
11,256,4,1114671420,1114671540,2,transient
11,256,5,1124311740,1124311800,1,transient
11,256,6,1068289440,1068289560,2,transient
11,256,7,1103515980,1103516040,0,transient
11,256,7,1114203120,1114203180,0,transient
11,256,7,1114431600,1114433160,25,transient
11,256,7,1114443240,1114449720,107,transient
11,256,7,1114516080,1114529700,226,permanent
11,256,7,1114617240,1114617420,3,transient
11,256,7,1119199740,1119219420,327,transient
11,256,8,1102429500,1102429920,7,transient
11,256,8,1105150500,1105150500,0,transient
11,256,10,1098115320,1098116820,25,transient
11,256,14,1123167780,1123167780,0,transient
11,256,15,1107794340,1107794400,0,transient
11,256,17,1103516340,1103516340,0,transient
11,256,18,1113830160,1113830940,12,transient
11,256,18,1123775160,1123775220,0,transient
11,256,19,1098727440,1098727860,7,transient
11,256,19,1111366500,1111366560,1,transient
11,256,19,1113668400,1113688980,343,transient
11,256,23,1069348140,1069350540,40,transient
11,256,28,1108893960,1108894440,8,transient
11,256,30,1102690620,1102692720,35,transient
11,256,30,1105413240,1105413300,0,transient
11,256,32,1115922780,1116009900,1451,transient
11,256,41,1079653800,1079724600,1180,transient
11,256,43,1071158820,1071158940,2,transient
11,256,57,1101118860,1101121800,49,transient
11,256,57,1103842320,1103842380,0,transient
11,256,59,1097767920,1097767980,1,transient
11,256,61,1113557760,1113557820,0,transient
11,256,61,1119293400,1119293400,0,transient
11,256,61,1124677560,1124681160,60,transient
11,256,62,1121960400,1121960820,7,transient
11,256,63,1112020560,1112021520,16,permanent
11,256,63,1114004700,1114034160,491,transient
11,256,64,1114019400,1114034220,246,transient
11,256,65,1106074080,1106074200,2,transient
11,256,65,1108796160,1108796220,1,transient
11,256,68,1083597000,1083608460,191,transient
11,256,68,1120103880,1120117740,231,transient
11,256,68,1122576420,1122584400,132,transient
11,256,68,1124314320,1124314440,1,transient
11,256,69,1098534720,1098708720,2900,transient
11,256,72,1068963300,1068967200,65,transient
11,256,72,1103515200,1103515260,0,transient
11,256,72,1113879600,1113880020,6,transient
11,256,73,1114019280,1114033980,245,transient
11,256,74,1108262940,1108781460,8641,transient
11,256,74,1113459480,1113463080,60,transient
11,256,74,1113833040,1113833160,1,transient
11,256,74,1114105800,1114106340,8,transient
11,256,74,1114376400,1114376760,5,transient
11,256,74,1114671000,1114672440,23,transient
11,256,74,1118153100,1118166600,225,transient
11,256,75,1114180680,1114181940,20,transient
11,256,76,1071511620,1071511740,2,transient
11,256,76,1102579620,1102612020,540,transient
11,256,76,1103011380,1103013360,32,transient
11,256,76,1103033340,1103033520,2,transient
11,256,76,1114088940,1114089000,0,transient
11,256,76,1114174920,1114175160,3,transient
11,256,76,1122911940,1122912000,1,transient
11,256,79,1119630300,1119637500,119,transient
11,256,81,1097674620,1097674680,1,transient
11,256,81,1114433760,1114433820,0,transient
11,256,82,1115918160,1115918400,4,transient
11,256,82,1116357180,1116418080,1015,transient
11,256,82,1116476220,1116485220,150,transient
11,256,82,1116518820,1116529080,171,transient
11,256,82,1118137980,1118139060,17,permanent
11,256,83,1072202400,1072287780,1423,transient
11,256,83,1072289700,1073322900,17220,transient
11,256,85,1096558800,1096560180,23,permanent
11,256,85,1096755060,1097682000,15449,permanent
11,256,87,1123649400,1123649400,0,transient
11,256,87,1123678620,1123687980,155,transient
11,256,87,1124130660,1124130660,0,transient
11,256,88,1097914260,1098111420,3286,transient
11,256,88,1098108240,1098111960,62,transient
11,256,88,1099129920,1099140000,168,transient
11,256,88,1103517720,1103517720,0,transient
11,256,88,1103665980,1103700780,580,transient
11,256,88,1120838580,1120838640,1,transient
11,256,88,1124128620,1124131980,55,transient
11,256,90,1101726420,1101742860,274,transient
11,256,90,1101744480,1101744600,2,transient
11,256,90,1104465180,1104465180,0,transient
11,256,91,1104070500,1104071400,15,transient
11,256,91,1104350100,1104352440,38,transient
11,256,91,1111851660,1111851960,5,transient
11,256,91,1112038560,1112038680,2,transient
11,256,91,1112271300,1112271360,1,transient
11,256,91,1112351880,1112352780,15,transient
11,256,92,1097831160,1097849340,303,transient
11,256,92,1104070740,1104074100,56,transient
11,256,94,1102837020,1102893840,947,transient
11,256,94,1105614360,1105614420,1,transient
11,256,95,1096293600,1096295700,35,transient
11,256,95,1119030540,1119031080,8,transient
11,256,96,1112983920,1112984040,1,transient
11,256,97,1071592020,1071592140,2,transient
11,256,98,1106146320,1106147040,11,transient
11,256,98,1106290800,1106315940,418,transient
11,256,98,1109036520,1109036580,0,transient
11,256,99,1074629100,1075408200,12985,transient
11,256,99,1103530860,1103530980,1,transient
11,256,108,1097913180,1097913240,1,transient
11,256,108,1103514240,1103514240,0,transient
11,256,108,1108781280,1108781340,0,transient
11,256,113,1123524540,1123524540,0,transient
11,256,116,1103357100,1103378160,351,transient
11,256,118,1098478200,1098708840,3844,transient
11,256,118,1098708960,1098709080,2,transient
11,256,118,1125090840,1125098040,120,transient
11,256,119,1102957500,1102967820,172,transient
11,256,119,1105688400,1106060940,6208,transient
11,256,119,1111352340,1111366920,242,transient
11,256,119,1116658380,1116659580,20,transient
11,256,122,1074265020,1074266220,20,transient
11,256,122,1079653800,1079724300,1175,transient
11,256,122,1103448660,1103451000,38,transient
11,256,122,1103720460,1103721420,16,transient
11,256,124,1114531380,1114531440,1,transient
11,256,127,1113402660,1113402720,1,transient
11,256,129,1069882920,1070495160,10204,transient
11,256,130,1082387400,1082400000,210,transient
11,256,130,1096644840,1096644900,1,transient
11,256,132,1112106480,1112106600,2,transient
11,256,134,1115392500,1115393220,11,transient
11,256,136,1119187020,1119189840,47,transient
11,256,138,1124122620,1124122680,1,transient
11,256,139,1098137400,1098151560,236,transient
11,256,140,1114192800,1114192860,1,transient
11,256,141,1080574560,1080594000,324,transient
11,256,142,1120066260,1120066320,0,transient
11,256,142,1121951880,1121954880,50,transient
11,256,142,1124129100,1124129160,0,transient
11,256,144,1114078440,1114080660,36,transient
11,256,144,1114548000,1114548000,0,transient
11,256,144,1115062200,1115062260,0,transient
11,256,144,1115392320,1115392380,0,transient
11,256,144,1116061620,1116105180,725,transient
11,256,146,1125199440,1125199500,1,transient
11,256,147,1118903100,1118927880,412,transient
11,256,147,1121456160,1121456160,0,transient
11,256,147,1121635800,1121666220,507,transient
11,256,148,1096753800,1096754400,10,transient
11,256,151,1113124020,1113140400,272,transient
11,256,152,1119145140,1119145560,6,transient
11,256,153,1096663260,1096663380,2,transient
11,256,153,1101128340,1101132000,61,transient
11,256,153,1101132540,1101132600,1,transient
11,256,153,1103853120,1103853120,0,transient
11,256,156,1096645320,1096650540,87,transient
11,256,156,1096653240,1096657980,79,transient
11,256,156,1096659600,1096660860,21,transient
11,256,156,1096662000,1096663380,23,transient
11,256,158,1123162080,1123162080,0,transient
11,256,160,1102702620,1102703520,15,transient
11,256,160,1102894980,1102896960,33,transient
11,256,160,1103726220,1103727120,15,transient
11,256,160,1105633740,1105652280,309,transient
11,256,161,1112720640,1112721000,6,transient
11,256,161,1115041320,1115041860,9,transient
11,256,162,1070133180,1070497560,6073,transient
11,256,162,1121959680,1121960220,9,transient
11,256,163,1114376520,1114377540,17,permanent
11,256,164,1115316480,1115319180,44,transient
11,256,165,1103433780,1103433840,1,transient
11,256,167,1117193160,1117193460,5,transient
11,256,170,1096378140,1096379700,26,transient
11,256,170,1103289780,1103291040,20,transient
11,256,172,1116321180,1116322320,18,transient
11,256,174,1107688080,1107797820,1828,transient
11,256,174,1119535800,1119535860,0,transient
11,256,174,1122004320,1122009900,92,transient
11,256,181,1115241480,1115245500,67,transient
11,256,182,1103517360,1103517360,0,transient
11,256,183,1116085260,1116086460,20,transient
11,256,184,1070711400,1070913900,3375,transient
11,256,184,1081900500,1081957200,945,transient
11,256,184,1103519280,1103519340,1,transient
11,256,185,1112887440,1112887620,2,transient
11,256,185,1114466460,1114467120,11,transient
11,256,186,1115135040,1115135040,0,transient
11,256,186,1118290740,1118290800,0,transient
11,256,187,1114617180,1114617600,7,transient
11,256,187,1115159700,1115159760,0,transient
11,256,187,1118346420,1118346540,1,transient
11,256,188,1112709480,1112709600,2,transient
11,256,194,1097283960,1097602920,5316,transient
11,256,194,1116925980,1116926220,3,transient
11,256,195,1101888120,1101888540,7,transient
11,256,195,1102318020,1102321560,59,transient
11,256,195,1112824200,1112824320,2,transient
11,256,195,1119422880,1119422940,1,transient
11,256,197,1103442900,1103442960,0,transient
11,256,197,1103460540,1103470260,161,transient
11,256,197,1111735440,1111737360,32,transient
11,256,197,1112031060,1112039340,138,transient
11,256,197,1112337840,1112338800,16,transient
11,256,198,1099236780,1099431360,3243,transient
11,256,200,1101153480,1101154380,15,transient
11,256,200,1101469620,1101470160,9,transient
11,256,200,1101740340,1101743040,45,transient
11,256,200,1101744300,1101744360,1,transient
11,256,200,1104330300,1104331800,25,transient
11,256,200,1124565960,1124717580,2526,transient
11,256,203,1069006980,1069094340,1456,permanent
11,256,203,1076574180,1076574300,2,transient
11,256,204,1106146260,1106146320,0,transient
11,256,204,1106215800,1106227740,198,transient
11,256,205,1123692900,1123693320,7,transient
11,256,209,1098873000,1098884880,198,transient
11,256,213,1073342580,1073601900,4322,transient
11,256,222,1103448780,1103448840,1,transient
11,256,224,1101151140,1101151680,9,transient
11,256,224,1103871780,1103871780,0,transient
11,256,224,1106430780,1106581200,2507,transient
11,256,224,1106664960,1106664960,0,transient
11,256,225,1104048600,1104048600,0,transient
11,256,226,1092373200,1095427800,50910,transient
11,256,226,1096989780,1096989840,1,transient
11,256,226,1106581080,1106581860,13,transient
11,256,226,1126042080,1126043040,16,transient
11,256,227,1113358200,1113372240,234,transient
11,256,228,1103123820,1103134500,178,transient
11,256,228,1103185620,1103207400,363,transient
11,256,229,1097767020,1097767080,1,transient
11,256,229,1103125860,1103133540,128,transient
11,256,232,1076005200,1076079300,1235,transient
11,256,232,1104853140,1104853740,10,transient
11,256,233,1095262800,1095454800,3200,transient
11,256,233,1096296300,1096384200,1465,transient
11,256,235,1103515620,1103515680,0,transient
11,256,238,1103514660,1103514720,0,transient
11,256,239,1070852460,1070852520,1,transient
11,256,239,1070923740,1070923980,4,transient
11,256,240,1083348300,1095444000,201595,permanent
11,256,240,1100270760,1100292960,370,transient
11,256,242,1104188460,1104216240,463,transient
11,256,245,1100267880,1100269440,26,transient
11,256,245,1100321640,1100338560,282,transient
11,256,247,1099235280,1099318020,1379,transient
11,256,250,1118480700,1118481060,5,transient
11,256,253,1113507840,1113507900,0,transient
11,256,253,1116753060,1116773280,337,transient
11,256,254,1098002400,1098002520,2,transient
11,256,255,1097996520,1097996640,2,transient
11,256,255,1098148380,1098148500,2,transient
11,256,255,1105719240,1106060940,5695,transient
11,256,578,1095185700,1095444000,4305,transient
