4,128,0,1065590160,1065597720,126,transient
4,128,0,1066166280,1066170900,77,transient
4,128,0,1066647600,1066651200,60,transient
4,128,0,1069155600,1069164900,155,transient
4,128,0,1070692800,1070705400,210,transient
4,128,0,1071050400,1071072000,360,transient
4,128,0,1072882800,1072885800,50,transient
4,128,0,1074724200,1074726660,41,transient
4,128,0,1076355600,1076361300,95,transient
4,128,0,1077465000,1077466800,30,transient
4,128,0,1079985600,1079988300,45,transient
4,128,0,1083180600,1083183300,45,transient
4,128,0,1083610620,1083617400,113,transient
4,128,0,1092027780,1092058440,511,transient
4,128,0,1094015820,1094020200,73,transient
4,128,0,1095156900,1095159300,40,transient
4,128,0,1105797600,1105820700,385,transient
4,128,0,1106806500,1106809680,53,transient
4,128,0,1107845700,1107847560,31,transient
4,128,0,1108950000,1108957500,125,transient
4,128,0,1110090420,1110096540,102,transient
4,128,0,1110114060,1110131100,284,transient
4,128,0,1113736200,1113746700,175,transient
4,128,0,1113852300,1113863580,188,transient
4,128,0,1114405800,1114408800,50,transient
4,128,0,1114837680,1114842300,77,transient
4,128,0,1115449500,1115463480,233,transient
4,128,0,1116405000,1116433800,480,transient
4,128,0,1118690700,1118693400,45,transient
4,128,0,1125468840,1125470100,21,transient
4,128,1,1088999340,1089001500,36,transient
4,128,1,1094508000,1094509680,28,transient
4,128,1,1100953200,1100970660,291,transient
4,128,2,1083844620,1083851160,109,permanent
4,128,2,1097552640,1097561880,154,permanent
4,128,2,1097582640,1097588820,103,permanent
4,128,2,1105058580,1105059420,14,transient
4,128,2,1113155040,1113184200,486,permanent
4,128,3,1077759420,1077760440,17,transient
4,128,3,1080800460,1080800820,6,transient
4,128,3,1096017600,1096025820,137,transient
4,128,4,1091023200,1091025840,44,permanent
4,128,5,1067138100,1067139960,31,transient
4,128,5,1068302700,1068313500,180,transient
4,128,5,1068338700,1068353100,240,transient
4,128,5,1080799560,1080800220,11,transient
4,128,5,1082724300,1082724660,6,transient
4,128,5,1106214960,1106227800,214,transient
4,128,5,1121240640,1121257680,284,transient
4,128,7,1071863640,1071865620,33,transient
4,128,7,1105016160,1105017540,23,transient
4,128,7,1109189520,1109366940,2957,permanent
4,128,8,1083013440,1083026340,215,transient
4,128,9,1080809280,1080809580,5,transient
4,128,9,1082726880,1082728260,23,transient
4,128,9,1090471140,1090480080,149,transient
4,128,10,1071999300,1071999600,5,transient
4,128,11,1077718200,1077721020,47,transient
4,128,11,1090639920,1090643880,66,transient
4,128,12,1068468600,1068473400,80,transient
4,128,12,1082723760,1082724180,7,transient
4,128,12,1098769260,1098775320,101,transient
4,128,12,1122531900,1122544440,209,transient
4,128,13,1103317260,1103319900,44,transient
4,128,13,1104232440,1104236040,60,transient
4,128,14,1071023160,1071024420,21,transient
4,128,15,1094060460,1094062260,30,transient
4,128,15,1120674000,1120680900,115,transient
4,128,19,1065791160,1065792960,30,permanent
4,128,19,1065813540,1065818100,76,permanent
4,128,19,1068452880,1068483900,517,permanent
4,128,19,1068487260,1068506400,319,permanent
4,128,19,1110918360,1110922980,77,transient
4,128,20,1076490300,1076491140,14,transient
4,128,20,1082732160,1082732520,6,transient
4,128,20,1082959560,1082960100,9,transient
4,128,20,1114523580,1114525500,32,transient
4,128,21,1124980320,1124981280,16,transient
4,128,22,1101505320,1101508680,56,transient
4,128,23,1101147540,1101158820,188,transient
4,128,23,1110208860,1110221700,214,transient
4,128,24,1092170940,1092173880,49,permanent
4,128,24,1118547060,1118551500,74,transient
4,128,25,1095060420,1095060960,9,transient
4,128,25,1111295160,1111297800,44,transient
4,128,25,1112746320,1112761320,250,transient
4,128,26,1073246400,1073259720,222,transient
4,128,26,1073614980,1073621520,109,transient
4,128,26,1101771840,1101774600,46,transient
4,128,26,1107120420,1107154080,561,transient
4,128,27,1087651800,1087662600,180,transient
4,128,27,1089979260,1089989460,170,permanent
4,128,27,1109641560,1109643360,30,transient
4,128,29,1077315300,1077319080,63,transient
4,128,29,1081592640,1081595460,47,transient
4,128,29,1100323440,1100325000,26,transient
4,128,30,1102354020,1102356300,38,transient
4,128,31,1106521200,1106525820,77,transient
4,128,32,1099776900,1099821600,745,transient
4,128,32,1113653100,1113665100,200,transient
4,128,32,1116854880,1116856260,23,transient
4,128,33,1073310120,1073311920,30,transient
4,128,34,1066114200,1066115400,20,transient
4,128,34,1066307280,1066308840,26,transient
4,128,34,1066378800,1066379400,10,transient
4,128,34,1106701200,1106705760,76,transient
4,128,35,1066102200,1066104600,40,transient
4,128,35,1109848620,1109870340,362,transient
4,128,35,1111559220,1111591380,536,transient
4,128,36,1065748320,1065748740,7,transient
4,128,36,1075377000,1075392480,258,permanent
4,128,36,1097428320,1097438100,163,transient
4,128,37,1066369680,1066370700,17,transient
4,128,37,1069817940,1069823820,98,transient
4,128,37,1079257380,1079263020,94,transient
4,128,37,1088252100,1088265780,228,transient
4,128,37,1104702480,1104723780,355,transient
4,128,37,1106606460,1106617500,184,transient
4,128,37,1111504020,1111509720,95,transient
4,128,38,1087211880,1087215300,57,transient
4,128,39,1065963600,1065968580,83,transient
4,128,39,1068929700,1068935280,93,transient
4,128,39,1070949960,1070954700,79,transient
4,128,40,1111612500,1111613100,10,transient
4,128,41,1104767880,1104771180,55,transient
4,128,41,1107776820,1107786300,158,transient
4,128,41,1110612060,1110612480,7,transient
4,128,41,1111014420,1111024560,169,transient
4,128,41,1111605660,1111765200,2659,permanent
4,128,42,1072717800,1072719480,28,transient
4,128,42,1084824060,1084829700,94,transient
4,128,42,1102519980,1102526520,109,transient
4,128,44,1065982080,1065986700,77,transient
4,128,44,1092101340,1092110100,146,transient
4,128,44,1092113640,1092117720,68,transient
4,128,44,1098097200,1098124260,451,transient
4,128,44,1102432320,1102436760,74,transient
4,128,44,1103461200,1103463840,44,transient
4,128,46,1078443720,1078444440,12,transient
4,128,46,1085558460,1085561340,48,transient
4,128,46,1096712460,1096715700,54,transient
4,128,46,1124357760,1124365320,126,transient
4,128,47,1111199220,1111200720,25,transient
4,128,48,1092584220,1092589260,84,transient
4,128,49,1086463140,1086473580,174,transient
4,128,49,1110605100,1110609480,73,transient
4,128,51,1108056300,1108062780,108,transient
4,128,52,1102956120,1102957800,28,transient
4,128,53,1065945300,1065946800,25,transient
4,128,54,1065906300,1065907380,18,transient
4,128,54,1066161600,1066162320,12,transient
4,128,55,1069661940,1069668660,112,transient
4,128,55,1120195740,1120220160,407,transient
4,128,56,1065938340,1065939600,21,transient
4,128,56,1101837180,1101841800,77,transient
4,128,56,1107169140,1107174060,82,transient
4,128,57,1070278620,1070297880,321,permanent
4,128,58,1065933960,1065935520,26,transient
4,128,58,1091672700,1091674200,25,transient
4,128,58,1096618260,1096621020,46,transient
4,128,59,1102003920,1102005720,30,transient
4,128,60,1065907380,1065908100,12,transient
4,128,60,1090506600,1090508340,29,transient
4,128,60,1099868400,1099876800,140,transient
4,128,60,1119036420,1119037080,11,transient
4,128,60,1120214040,1120233420,323,permanent
4,128,62,1076711220,1076711820,10,transient
4,128,62,1113138420,1113139440,17,transient
4,128,63,1081929540,1081930860,22,transient
4,128,63,1102943700,1102947360,61,transient
4,128,64,1065628380,1065630360,33,transient
4,128,64,1074780360,1074789900,159,transient
4,128,64,1078678980,1078683300,72,transient
4,128,64,1084715940,1084718760,47,transient
4,128,64,1104571200,1104573420,37,transient
4,128,65,1091909640,1091919120,158,transient
4,128,66,1066371000,1066371900,15,transient
4,128,66,1088521380,1088523840,41,transient
4,128,66,1106005500,1106007180,28,transient
4,128,67,1066389240,1066389660,7,transient
4,128,67,1123491780,1123492200,7,transient
4,128,68,1113321300,1113321900,10,transient
4,128,68,1117153200,1117159740,109,transient
4,128,69,1076343540,1076344620,18,transient
4,128,70,1067118060,1067125680,127,permanent
4,128,71,1108139100,1108141200,35,transient
4,128,71,1120793580,1120801740,136,transient
4,128,72,1091861100,1091863680,43,transient
4,128,73,1070881920,1070882460,9,transient
4,128,73,1071963240,1071972000,146,permanent
4,128,73,1095876120,1095880740,77,transient
4,128,74,1065843900,1065850260,106,transient
4,128,74,1083319080,1083321420,39,transient
4,128,74,1119836040,1119843120,118,transient
4,128,75,1106815380,1106832180,280,transient
4,128,75,1114574880,1114576440,26,transient
4,128,76,1070331720,1070333760,34,transient
4,128,76,1071387780,1071390480,45,transient
4,128,77,1065936060,1065940620,76,transient
4,128,77,1078981380,1078984620,54,transient
4,128,77,1105146780,1105147920,19,transient
4,128,77,1111985580,1111996800,187,transient
4,128,77,1123716900,1123720560,61,transient
4,128,78,1065616620,1065630360,229,transient
4,128,79,1076717700,1076722320,77,transient
4,128,79,1078313160,1078316400,54,transient
4,128,80,1080126780,1080133080,105,transient
4,128,80,1091292900,1091302200,155,transient
4,128,80,1095913140,1095915120,33,transient
4,128,80,1121341260,1121345160,65,transient
4,128,81,1065733980,1065738360,73,transient
4,128,81,1065979320,1065986700,123,transient
4,128,81,1078104000,1078111800,130,transient
4,128,81,1109236260,1109239260,50,transient
4,128,82,1098133920,1098134820,15,transient
4,128,83,1065331080,1065336240,86,transient
4,128,83,1082089020,1082102400,223,transient
4,128,84,1093277340,1093281420,68,transient
4,128,84,1094680920,1094692500,193,permanent
4,128,84,1095054300,1095055140,14,transient
4,128,85,1075590720,1075598460,129,transient
4,128,87,1068180660,1068185400,79,transient
4,128,87,1074859620,1074861000,23,transient
4,128,87,1111612740,1111619460,112,transient
4,128,87,1114623600,1114629480,98,transient
4,128,87,1124538780,1124540520,29,transient
4,128,87,1124543700,1124544000,5,transient
4,128,88,1097849760,1097857860,135,transient
4,128,88,1098385440,1098387300,31,transient
4,128,88,1115688840,1115693760,82,transient
4,128,90,1099151100,1099167900,280,transient
4,128,90,1102938960,1102946760,130,transient
4,128,91,1078351920,1078355580,61,transient
4,128,91,1093570140,1093571820,28,transient
4,128,91,1096634700,1096643040,139,transient
4,128,92,1065822960,1065830040,118,transient
4,128,94,1069672440,1069679760,122,transient
4,128,96,1071374820,1071381780,116,transient
4,128,97,1075080180,1075120860,678,transient
4,128,97,1081176120,1081202220,435,transient
4,128,97,1114582260,1114588500,104,transient
4,128,98,1066372800,1066389600,280,transient
4,128,98,1070559720,1070560080,6,transient
4,128,98,1108136520,1108141200,78,transient
4,128,98,1110387960,1110392280,72,transient
4,128,98,1112823240,1112825160,32,transient
4,128,98,1119621480,1119626280,80,transient
4,128,99,1066373640,1066381020,123,transient
4,128,99,1101074340,1101075600,21,transient
4,128,99,1112120400,1112194200,1230,permanent
4,128,99,1113356940,1113359640,45,transient
4,128,99,1114107060,1114112280,87,transient
4,128,100,1065749040,1065749580,9,transient
4,128,100,1107339780,1107344400,77,transient
4,128,101,1066367700,1066369080,23,transient
4,128,101,1088310180,1088312460,38,transient
4,128,101,1088399040,1088399580,9,transient
4,128,101,1116040740,1116056580,264,transient
4,128,102,1098996780,1099000140,56,transient
4,128,102,1115529840,1115544300,241,transient
4,128,102,1124556900,1124557860,16,transient
4,128,103,1103691780,1103692620,14,transient
4,128,103,1119479400,1119480480,18,transient
4,128,104,1084957140,1084957740,10,transient
4,128,104,1094863080,1094870280,120,transient
4,128,104,1110153720,1110158520,80,transient
4,128,104,1117180920,1117198740,297,transient
4,128,105,1097827800,1097833380,93,transient
4,128,105,1103463300,1103463420,2,transient
4,128,106,1080809760,1080811200,24,transient
4,128,106,1083827340,1083834960,127,transient
4,128,106,1097008080,1097014080,100,transient
4,128,107,1081721100,1081722480,23,transient
4,128,110,1112400420,1112417040,277,transient
4,128,111,1085904240,1085906880,44,transient
4,128,112,1103654340,1103659980,94,transient
4,128,112,1115717160,1115724300,119,transient
4,128,113,1066108380,1066109400,17,transient
4,128,114,1084180200,1084182000,30,transient
4,128,114,1088154720,1088156040,22,transient
4,128,114,1088893200,1088902500,155,transient
4,128,114,1116997260,1117003560,105,transient
4,128,116,1065666000,1065666720,12,transient
4,128,116,1066124760,1066125960,20,transient
4,128,116,1067284200,1067294940,179,transient
4,128,116,1114571280,1114572840,26,transient
4,128,116,1118891580,1118898900,122,transient
4,128,117,1103985120,1104081180,1601,transient
4,128,118,1072845300,1072845900,10,transient
4,128,119,1072147380,1072149540,36,transient
4,128,119,1124961300,1124962680,23,transient
4,128,120,1077408900,1077466800,965,transient
4,128,120,1086382800,1086384060,21,transient
4,128,120,1114706400,1114710600,70,transient
4,128,122,1086265800,1086279000,220,transient
4,128,124,1066307820,1066311060,54,transient
4,128,127,1068401040,1068402600,26,transient
4,128,127,1084788900,1084796280,123,transient
4,128,127,1101303540,1101306660,52,transient
