8,164,0,988734600,988738200,60,transient
8,164,0,993045600,993078900,555,transient
8,164,0,993564000,993595500,525,transient
8,164,0,994770000,994775760,96,transient
8,164,0,997891800,997891920,2,transient
8,164,0,998277960,998335800,964,transient
8,164,0,998517600,998521500,65,transient
8,164,0,1002632400,1005621300,49815,transient
8,164,0,1006867620,1006873200,93,transient
8,164,0,1007702100,1007738100,600,transient
8,164,0,1009375200,1009388400,220,transient
8,164,0,1010497500,1010505600,135,transient
8,164,0,1011664800,1011673800,150,transient
8,164,0,1011808800,1011814320,92,transient
8,164,0,1011893400,1011900600,120,transient
8,164,0,1012570200,1012576800,110,transient
8,164,0,1018474200,1018479600,90,transient
8,164,0,1021931400,1021934400,50,transient
8,164,0,1028971800,1029009780,633,transient
8,164,0,1031941800,1031944800,50,transient
8,164,0,1033563600,1033572600,150,transient
8,164,0,1035199800,1035204300,75,transient
8,164,0,1036584000,1036597200,220,transient
8,164,0,1039645800,1039711200,1090,transient
8,164,0,1040118300,1040168700,840,transient
8,164,0,1042632000,1042638900,115,transient
8,164,0,1043323200,1043331900,145,transient
8,164,0,1043776800,1043789400,210,transient
8,164,0,1046865600,1046871900,105,transient
8,164,0,1048192200,1048224600,540,transient
8,164,0,1060077600,1060094100,275,transient
8,164,0,1064314800,1064348460,561,transient
8,164,0,1064332200,1064348460,271,transient
8,164,0,1073498400,1073501280,48,transient
8,164,0,1080413100,1080574200,2685,transient
8,164,0,1084921200,1084996500,1255,transient
8,164,0,1098883800,1098884040,4,transient
8,164,0,1101189600,1101320100,2175,transient
8,164,0,1101211200,1101222000,180,transient
8,164,0,1110404400,1110404580,3,transient
8,164,0,1110573000,1110573300,5,transient
8,164,0,1126153800,1126166400,210,transient
8,164,1,997200840,997212900,201,transient
8,164,1,1008805500,1008817380,198,transient
8,164,1,1028826360,1028826960,10,transient
8,164,1,1040352120,1040352720,10,transient
8,164,2,990616620,990623580,116,transient
8,164,2,1001732940,1001744640,195,transient
8,164,2,1024344480,1024351200,112,transient
8,164,2,1024953600,1024955100,25,transient
8,164,2,1040168700,1042068000,31655,permanent
8,164,2,1077835500,1077900300,1080,transient
8,164,2,1108393140,1108494900,1696,transient
8,164,3,1001504820,1004114520,43495,transient
8,164,3,1006357920,1006357980,1,transient
8,164,3,1022876700,1022877000,5,transient
8,164,3,1023825360,1023834540,153,transient
8,164,3,1026429720,1026443160,224,transient
8,164,4,1000137780,1000140840,51,transient
8,164,4,1028838600,1028839200,10,transient
8,164,4,1060120800,1060121280,8,transient
8,164,5,999973500,1000138020,2742,transient
8,164,5,1028530560,1028555640,418,transient
8,164,5,1048263420,1048270800,123,transient
8,164,5,1060094100,1060291200,3285,permanent
8,164,5,1098957300,1098971580,238,transient
8,164,5,1101936480,1101940500,67,transient
8,164,6,990262560,990542580,4667,transient
8,164,7,1007510940,1007511060,2,transient
8,164,7,1021653060,1021653120,1,transient
8,164,7,1044323460,1044327480,67,transient
8,164,7,1095797520,1095972000,2908,transient
8,164,8,1023349800,1023365160,256,transient
8,164,9,1000242000,1000259460,291,transient
8,164,9,1124388300,1124389200,15,transient
8,164,10,991201260,991332060,2180,transient
8,164,10,1048132500,1048179480,783,transient
8,164,10,1075158000,1075233600,1260,transient
8,164,11,1000491000,1000496820,97,transient
8,164,11,1023918480,1023938100,327,transient
8,164,11,1023938100,1024080840,2379,permanent
8,164,12,1002539400,1002555480,268,transient
8,164,12,1024954740,1024969320,243,transient
8,164,12,1095340560,1095366000,424,transient
8,164,12,1108393140,1108494900,1696,transient
8,164,13,1002446880,1002468420,359,transient
8,164,13,1006195920,1006196700,13,transient
8,164,14,1000424280,1000433580,155,transient
8,164,14,1012512600,1012514220,27,transient
8,164,14,1024957980,1024967700,162,transient
8,164,14,1026922140,1026925740,60,transient
8,164,14,1033044300,1033045200,15,transient
8,164,16,1019373600,1019423220,827,transient
8,164,17,999421140,999619980,3314,transient
8,164,17,1064337300,1065730860,23226,transient
8,164,18,1006277100,1006286940,164,transient
8,164,18,1108393020,1108494900,1698,transient
8,164,18,1115324100,1115722860,6646,transient
8,164,19,1006669260,1006689000,329,transient
8,164,19,1020255600,1020280920,422,transient
8,164,19,1098113400,1098119700,105,transient
8,164,19,1124388300,1124389200,15,transient
8,164,19,1124921220,1124997300,1268,transient
8,164,20,1033077900,1033078980,18,transient
8,164,21,995683560,995925900,4039,transient
8,164,23,1028161020,1028169540,142,transient
8,164,24,1012731600,1012762140,509,transient
8,164,24,1015283940,1015299060,252,transient
8,164,24,1016063460,1016064300,14,transient
8,164,24,1016166000,1016166600,10,transient
8,164,24,1017177120,1017179220,35,transient
8,164,24,1033090560,1033095000,74,transient
8,164,26,1040631600,1040632200,10,permanent
8,164,29,993078900,993488820,6832,transient
8,164,29,1013458140,1013458260,2,transient
8,164,30,1026398580,1026399120,9,transient
8,164,30,1026916980,1026917520,9,transient
8,164,30,1027115460,1027121760,105,transient
8,164,31,990219660,990632580,6882,transient
8,164,32,1006684680,1006688700,67,transient
8,164,32,1095356760,1095453900,1619,transient
8,164,32,1106064000,1106065800,30,transient
8,164,33,1124826480,1124827200,12,transient
8,164,34,991924920,992031180,1771,transient
8,164,34,998521500,998598120,1277,transient
8,164,34,1000242000,1000299600,960,permanent
8,164,34,1008539820,1008555120,255,transient
8,164,34,1033081800,1033095540,229,transient
8,164,34,1096392600,1096394820,37,transient
8,164,35,1060121040,1060121820,13,transient
8,164,35,1071262680,1071264480,30,transient
8,164,38,1026144000,1026158400,240,transient
8,164,39,1023929460,1023996240,1113,transient
8,164,39,1076019600,1076101200,1360,transient
8,164,40,1027485180,1027488960,63,transient
8,164,40,1068475800,1068482700,115,transient
8,164,43,1027539480,1027540080,10,transient
8,164,43,1124388300,1124389200,15,transient
8,164,44,1021708260,1021729080,347,transient
8,164,44,1027500660,1027502280,27,transient
8,164,46,1023845940,1023856800,181,transient
8,164,46,1029858540,1029874500,266,transient
8,164,46,1124388300,1124389500,20,transient
8,164,47,1020778860,1020791040,203,transient
8,164,47,1092816060,1092836400,339,transient
8,164,48,1049862600,1049900640,634,transient
8,164,49,1026911340,1026916140,80,transient
8,164,49,1027495680,1027496520,14,transient
8,164,49,1081128840,1081181880,884,transient
8,164,50,1069714080,1069715100,17,transient
8,164,50,1101750300,1101923580,2888,transient
8,164,50,1102437600,1102440300,45,transient
8,164,50,1102440660,1102451280,177,transient
8,164,51,1065034200,1065123000,1480,permanent
8,164,51,1102437660,1102451280,227,transient
8,164,52,1055133060,1055164980,532,transient
8,164,52,1105401000,1105446000,750,transient
8,164,53,1027477860,1027478820,16,transient
8,164,53,1070269680,1070294580,415,transient
8,164,53,1102622400,1102627800,90,transient
8,164,54,1010093400,1010160000,1110,permanent
8,164,54,1064337300,1066940460,43386,permanent
8,164,54,1068475800,1068476700,15,transient
8,164,55,1065043200,1065043800,10,transient
8,164,56,1098976500,1098977100,10,transient
8,164,58,1033096200,1033134060,631,transient
8,164,59,1012215540,1012230660,252,transient
8,164,59,1012487100,1012490280,53,transient
8,164,59,1014819300,1014821100,30,transient
8,164,59,1026394800,1026396600,30,transient
8,164,59,1052200140,1052241480,689,transient
8,164,59,1075773960,1075845900,1199,transient
8,164,59,1083619800,1083679920,1002,transient
8,164,59,1085085300,1085088600,55,transient
8,164,59,1115730000,1115757000,450,transient
8,164,60,1033088280,1033095180,115,transient
8,164,60,1048604340,1048612500,136,transient
8,164,60,1101919320,1101935040,262,transient
8,164,61,1068475800,1068479400,60,transient
8,164,61,1102456800,1102627800,2850,transient
8,164,62,1031351400,1031353200,30,transient
8,164,62,1084921200,1084996500,1255,permanent
8,164,63,1077589620,1077732300,2378,transient
8,164,64,1020136560,1020137340,13,transient
8,164,64,1033087560,1033095240,128,transient
8,164,65,1100825160,1101137820,5211,transient
8,164,66,1123624800,1123772040,2454,transient
8,164,67,1015511400,1016460000,15810,transient
8,164,67,1025116380,1025116680,5,transient
8,164,67,1028826360,1028844000,294,transient
8,164,67,1029266520,1029266820,5,transient
8,164,67,1036432140,1036440000,131,transient
8,164,67,1057325100,1057764600,7325,permanent
8,164,67,1085607240,1085627820,343,permanent
8,164,67,1098306900,1098307140,4,transient
8,164,68,1030140120,1030143420,55,transient
8,164,68,1036432140,1036452300,336,transient
8,164,68,1042040400,1042068000,460,transient
8,164,68,1070293260,1070293980,12,transient
8,164,68,1073310960,1073323620,211,transient
8,164,68,1098316200,1098356400,670,transient
8,164,69,1026544260,1026582300,634,transient
8,164,69,1027454460,1027456800,39,transient
8,164,69,1057281120,1057291080,166,permanent
8,164,69,1091027280,1091113200,1432,permanent
8,164,70,1007588940,1007589900,16,transient
8,164,70,1015337520,1016460000,18708,transient
8,164,70,1028753640,1028761200,126,transient
8,164,70,1094685120,1096498020,30215,permanent
8,164,70,1098978900,1098979080,3,transient
8,164,71,1007474400,1007562600,1470,transient
8,164,71,1007565300,1007567700,40,transient
8,164,71,1007587680,1007591100,57,transient
8,164,71,1014820200,1016460000,27330,transient
8,164,71,1026583200,1026585000,30,transient
8,164,71,1027464720,1027464960,4,transient
8,164,71,1027550100,1027550220,2,transient
8,164,71,1027627620,1027631460,64,transient
8,164,71,1031778900,1031850000,1185,transient
8,164,71,1033070340,1033071600,21,transient
8,164,71,1033483620,1033484160,9,transient
8,164,71,1033675020,1033676520,25,transient
8,164,72,1044394800,1044397500,45,permanent
8,164,72,1062537000,1062543420,107,transient
8,164,72,1095171900,1095182940,184,transient
8,164,73,1040406600,1040411100,75,transient
8,164,73,1092891600,1093013160,2026,transient
8,164,74,1043460900,1044032460,9526,transient
8,164,74,1043801700,1043858340,944,transient
8,164,74,1043865960,1044033060,2785,transient
8,164,74,1044054900,1044140400,1425,transient
8,164,74,1044475800,1044477000,20,transient
8,164,74,1044999780,1045683000,11387,transient
8,164,74,1048510980,1048518420,124,transient
8,164,74,1048557900,1048629120,1187,transient
8,164,74,1048744920,1048788840,732,transient
8,164,74,1048800420,1049205900,6758,transient
8,164,74,1049227800,1049241780,233,transient
8,164,76,1101155820,1101164640,147,transient
8,164,77,1087603200,1087848000,4080,transient
8,164,77,1103572740,1103619720,783,transient
8,164,77,1105825200,1106077860,4211,transient
8,164,77,1113603900,1113604080,3,transient
8,164,78,1045673880,1045679400,92,transient
8,164,78,1047313320,1047313500,3,transient
8,164,78,1047333060,1047336420,56,transient
8,164,78,1053522900,1053526800,65,transient
8,164,78,1060802100,1060811940,164,transient
8,164,78,1066437900,1066440540,44,transient
8,164,78,1082723400,1082746320,382,transient
8,164,78,1087512960,1087569000,934,transient
8,164,78,1089927780,1089993900,1102,transient
8,164,78,1102108200,1102111800,60,transient
8,164,78,1122056760,1122057000,4,transient
8,164,79,1043957520,1044397500,7333,transient
8,164,79,1051216380,1051216560,3,transient
8,164,79,1051563180,1051575120,199,transient
8,164,79,1062189960,1062190740,13,transient
8,164,79,1081112460,1081112580,2,transient
8,164,79,1081114020,1081114140,2,transient
8,164,79,1098819900,1098820440,9,transient
8,164,83,1097800440,1097873700,1221,transient
8,164,84,1059833820,1060007520,2895,transient
8,164,85,1125523980,1125524820,14,transient
8,164,88,1107503460,1107540900,624,transient
8,164,88,1108516920,1108581600,1078,transient
8,164,88,1108934640,1109077800,2386,transient
8,164,88,1109077800,1109268180,3173,transient
8,164,88,1109606460,1109623500,284,transient
8,164,88,1110279720,1110312900,553,transient
8,164,88,1114563720,1114727460,2729,transient
8,164,89,1107521100,1107521700,10,transient
8,164,91,1122056400,1122056460,1,transient
8,164,93,1054041600,1054042500,15,transient
8,164,93,1064570100,1064603820,562,transient
8,164,93,1093906020,1093970580,1076,transient
8,164,96,1114919640,1115661600,12366,transient
8,164,98,1113736380,1113830880,1575,transient
8,164,102,1080541800,1080589440,794,transient
8,164,103,1043721060,1043721780,12,transient
8,164,104,1080588060,1080589020,16,transient
8,164,104,1115615160,1115641800,444,transient
8,164,104,1117126800,1117144440,294,transient
8,164,106,1045004340,1045015260,182,transient
8,164,106,1062595080,1062595680,10,transient
8,164,106,1077431220,1077554040,2047,transient
8,164,106,1121971740,1121980740,150,transient
8,164,107,1075017120,1075100460,1389,transient
8,164,108,1093343100,1093359060,266,transient
8,164,108,1100889900,1101330000,7335,transient
8,164,109,1073289060,1073509200,3669,transient
8,164,109,1075482000,1075492800,180,transient
8,164,110,1055197920,1055221080,386,transient
8,164,110,1056420600,1056425280,78,transient
8,164,110,1064931900,1064932740,14,transient
8,164,110,1065070860,1065071400,9,transient
8,164,110,1065225180,1065463140,3966,transient
8,164,110,1065515280,1065550560,588,transient
8,164,110,1065603660,1065632400,479,transient
8,164,110,1082476500,1082483220,112,transient
8,164,110,1121341140,1121355000,231,transient
8,164,110,1121926860,1122069600,2379,transient
8,164,112,1072624620,1073310960,11439,transient
8,164,113,1048263420,1048518000,4243,transient
8,164,113,1049752920,1049820120,1120,transient
8,164,113,1055863140,1056491700,10476,transient
8,164,115,1124326500,1124363040,609,transient
8,164,115,1124520240,1124710140,3165,transient
8,164,115,1125139020,1125328200,3153,transient
8,164,116,1048263420,1048518000,4243,transient
8,164,116,1060094100,1060173240,1319,transient
8,164,116,1098982800,1099056600,1230,transient
8,164,116,1106266860,1106309100,704,transient
8,164,117,1045777560,1045778640,18,transient
8,164,120,1071264600,1071265440,14,transient
8,164,121,1039647600,1039662000,240,transient
8,164,121,1116782700,1116884220,1692,transient
8,164,122,1054041600,1054042500,15,transient
8,164,122,1055166600,1055167620,17,transient
8,164,122,1060811940,1060813200,21,transient
8,164,122,1062781080,1062805380,405,transient
8,164,122,1063133340,1063133700,6,transient
8,164,122,1063825080,1063826520,24,transient
8,164,122,1076515200,1077228780,11893,transient
8,164,122,1101330900,1101760200,7155,transient
8,164,122,1110013140,1110213840,3345,transient
8,164,123,1115931420,1115932800,23,transient
8,164,123,1116147480,1116249900,1707,transient
8,164,125,1042757100,1042780740,394,transient
8,164,129,1065473100,1065474000,15,transient
8,164,131,1100889720,1101157200,4458,transient
8,164,131,1107960060,1107981000,349,transient
8,164,132,1071197160,1071264480,1122,transient
8,164,132,1086679500,1086745380,1098,transient
8,164,132,1094043240,1094046420,53,transient
8,164,132,1094562000,1094680620,1977,transient
8,164,132,1095868380,1098208740,39006,transient
8,164,132,1098298080,1098298800,12,transient
8,164,132,1098586440,1099942200,22596,transient
8,164,132,1099957800,1102370400,40210,transient
8,164,132,1106982720,1107195900,3553,transient
8,164,132,1109178840,1109623800,7416,transient
8,164,132,1109734860,1109794800,999,transient
8,164,132,1124254320,1124285760,524,transient
8,164,134,1067362200,1067364900,45,transient
8,164,135,1107960060,1108055700,1594,transient
8,164,136,1056044700,1056059400,245,transient
8,164,140,1081831440,1081877400,766,transient
8,164,140,1113400080,1113400800,12,transient
8,164,141,1107615480,1107788400,2882,transient
8,164,141,1108640820,1108659600,313,transient
8,164,141,1120942800,1121270400,5460,transient
8,164,141,1121341140,1121355000,231,transient
8,164,141,1121490300,1121718540,3804,transient
8,164,141,1122584100,1122657780,1228,transient
8,164,143,1046797200,1046818800,360,transient
8,164,143,1064244600,1064245800,20,transient
8,164,143,1095031740,1095111300,1326,transient
8,164,143,1095298500,1095453900,2590,transient
8,164,143,1102694400,1103061900,6125,transient
8,164,143,1103799180,1105125900,22112,transient
8,164,145,1100887500,1101157200,4495,transient
8,164,146,1063017900,1063042200,405,transient
8,164,146,1066972560,1067002200,494,transient
8,164,146,1067381880,1067408040,436,transient
8,164,146,1068929460,1068955320,431,transient
8,164,146,1074922800,1075100280,2958,transient
8,164,146,1075174440,1075230840,940,transient
8,164,146,1075264200,1075310820,777,transient
8,164,146,1076356740,1076363040,105,transient
8,164,146,1077561840,1077586980,419,transient
8,164,146,1081206060,1081277100,1184,transient
8,164,148,1043331900,1043362800,515,transient
8,164,150,1124689320,1124734320,750,transient
8,164,151,1093580760,1093899900,5319,transient
8,164,151,1100826480,1101157200,5512,transient
8,164,151,1106551980,1106573100,352,transient
8,164,154,1080039900,1080071700,530,transient
8,164,155,1088318940,1088449560,2177,transient
8,164,155,1088572500,1088622000,825,transient
8,164,155,1088631900,1088791260,2656,transient
8,164,155,1088952000,1089150540,3309,transient
8,164,155,1090447020,1090526520,1325,transient
8,164,155,1090669620,1090853100,3058,transient
8,164,155,1090896720,1091551140,10907,transient
8,164,155,1091595060,1091735400,2339,transient
8,164,155,1091744400,1092851400,18450,transient
8,164,155,1092871140,1092958200,1451,transient
8,164,155,1093558500,1093899900,5690,transient
8,164,155,1094658180,1094668800,177,transient
8,164,155,1095370680,1095800760,7168,transient
8,164,155,1098129600,1098210960,1356,transient
8,164,155,1098220140,1098356400,2271,transient
8,164,155,1102395360,1102516200,2014,transient
8,164,155,1123237920,1123246200,138,transient
8,164,156,1048702740,1048720200,291,transient
8,164,156,1093466220,1093468080,31,transient
8,164,156,1125628800,1125667380,643,transient
8,164,157,1043472900,1043685480,3543,transient
8,164,157,1043689140,1043721360,537,transient
8,164,157,1046214780,1046282760,1133,transient
8,164,157,1048658400,1048702980,743,transient
8,164,157,1055885400,1055887440,34,transient
8,164,157,1060017960,1060031700,229,transient
8,164,157,1060460640,1060611720,2518,transient
8,164,157,1061836200,1061842500,105,transient
8,164,157,1075192800,1075219140,438,transient
8,164,157,1075945980,1076081340,2256,transient
8,164,157,1076485080,1076517240,536,transient
8,164,157,1076635200,1076686920,862,transient
8,164,157,1080597660,1080598440,13,transient
8,164,157,1082032200,1082057400,420,transient
8,164,157,1087304400,1087327200,380,transient
8,164,157,1088585280,1088622000,612,transient
8,164,157,1088631900,1088791260,2656,transient
8,164,157,1089477120,1089647100,2833,transient
8,164,157,1090039380,1090351680,5205,transient
8,164,157,1091137320,1091140020,45,transient
8,164,157,1091194200,1091197020,47,transient
8,164,157,1091299080,1091305020,99,transient
8,164,157,1091634300,1092076140,7364,transient
8,164,157,1092185640,1093440300,20911,transient
8,164,157,1093463700,1093469700,100,transient
8,164,157,1093644060,1093881840,3963,transient
8,164,157,1093995300,1094075400,1335,transient
8,164,157,1095404400,1095428880,408,transient
8,164,157,1095602340,1095719460,1952,transient
8,164,157,1095753960,1095797520,726,transient
8,164,157,1096791780,1096896060,1738,transient
8,164,157,1100527800,1100530800,50,transient
8,164,157,1102283100,1102350000,1115,transient
8,164,157,1102614000,1102623240,154,transient
8,164,157,1108855800,1109077800,3700,transient
8,164,157,1109726880,1109767320,674,transient
8,164,157,1109886900,1109890500,60,transient
8,164,157,1110205800,1110210600,80,transient
8,164,157,1114990860,1115041500,844,transient
8,164,157,1119899760,1119907140,123,transient
8,164,157,1120300620,1120572240,4527,transient
8,164,157,1120596000,1120597800,30,transient
8,164,157,1120648500,1120668600,335,transient
8,164,157,1121265000,1121265600,10,transient
8,164,157,1121851200,1121886780,593,transient
8,164,157,1122440340,1122499320,983,transient
8,164,157,1122702420,1122894000,3193,transient
8,164,157,1123158900,1123182300,390,transient
8,164,157,1125945720,1126013100,1123,transient
8,164,158,1062623520,1062625260,29,transient
8,164,158,1089149100,1089150480,23,transient
8,164,158,1101160200,1101218100,965,transient
8,164,159,1053804900,1053997320,3207,transient
8,164,159,1065566640,1065726480,2664,transient
8,164,159,1068489180,1068490200,17,transient
8,164,159,1075945980,1075989600,727,transient
8,164,159,1094821920,1094843700,363,transient
8,164,159,1095657240,1095660000,46,transient
8,164,159,1096460940,1096474680,229,transient
8,164,159,1101331380,1101736800,6757,transient
8,164,159,1103294820,1103300040,87,transient
8,164,159,1105384440,1105388700,71,transient
8,164,159,1109276040,1109280000,66,transient
8,164,159,1109774220,1109776260,34,transient
8,164,159,1109795940,1109800320,73,transient
8,164,159,1116359340,1116362640,55,transient
8,164,160,1125622740,1125696600,1231,transient
8,164,161,1086632880,1086646500,227,transient
8,164,161,1102946400,1102952760,106,transient
8,164,162,1048657200,1048687380,503,transient
8,164,162,1077574020,1077587640,227,transient
8,164,162,1085010600,1085057400,780,transient
8,164,162,1085085000,1085199300,1905,transient
8,164,163,1049129100,1049154000,415,transient
8,164,163,1055809200,1056491700,11375,transient
8,164,163,1089963360,1089996660,555,transient
8,164,163,1102946400,1102951500,85,transient
